[name]
unknown

[dist]
# distance from previous block
# <min> <max>
0	439

[block]
# block no. 0 follows, 25 sequences, length 39
# corresponding to MSA columns:
# 474-477,479-513
name=unknown_A
#
# <colnr> <probs for GDERKNQSTAVLIFYWHMCP>
#	G	D	E	R	K	N	Q	S	T	A	V	L	I	F	Y	W	H	M	C	P
0	0.01055	0.00754	0.01027	0.01206	0.01300	0.00725	0.00912	0.01271	0.01594	0.02103	0.04212	0.49177	0.04886	0.02325	0.01019	0.00330	0.00546	0.24179	0.00718	0.00660
1	0.01464	0.01378	0.02326	0.70887	0.05340	0.01723	0.02153	0.01981	0.01550	0.01981	0.01378	0.02067	0.01034	0.00775	0.00775	0.00258	0.01034	0.00689	0.00345	0.00861
2	0.02838	0.02072	0.02232	0.01741	0.02337	0.02292	0.01429	0.54979	0.11674	0.07233	0.02076	0.02025	0.01478	0.00948	0.00778	0.00237	0.00815	0.00724	0.00785	0.01307
3	0.02947	0.02172	0.02327	0.01784	0.02404	0.02404	0.01474	0.65329	0.03646	0.04887	0.01862	0.01862	0.01319	0.00931	0.00776	0.00233	0.00853	0.00698	0.00776	0.01319
4	0.00945	0.00675	0.00900	0.01080	0.01125	0.00630	0.00720	0.01080	0.01484	0.01979	0.04274	0.72245	0.05128	0.02429	0.00990	0.00315	0.00450	0.02204	0.00720	0.00630
5	0.03094	0.01936	0.02181	0.01672	0.02287	0.02055	0.01381	0.48306	0.03251	0.22467	0.02193	0.02077	0.01485	0.00939	0.00777	0.00235	0.00800	0.00721	0.00827	0.01319
6	0.01128	0.00752	0.00846	0.00846	0.00846	0.00752	0.00470	0.01128	0.01128	0.01503	0.02443	0.05074	0.02819	0.72751	0.03946	0.00752	0.00752	0.01128	0.00470	0.00470
7	0.00945	0.00675	0.00900	0.01080	0.01125	0.00630	0.00720	0.01080	0.01484	0.01979	0.04274	0.72245	0.05128	0.02429	0.00990	0.00315	0.00450	0.02204	0.00720	0.00630
8	0.01961	0.01677	0.02334	0.37798	0.03869	0.02044	0.01866	0.21470	0.02133	0.02856	0.01465	0.01940	0.01119	0.00923	0.01079	0.00264	0.13034	0.00690	0.00476	0.01000
9	0.01143	0.00749	0.00984	0.01091	0.01208	0.00690	0.00771	0.01326	0.01629	0.06560	0.09358	0.53544	0.09826	0.02212	0.00969	0.00303	0.00469	0.05731	0.00746	0.00691
10	0.01409	0.00939	0.01131	0.01061	0.01323	0.00887	0.00801	0.01909	0.09523	0.10355	0.29815	0.14246	0.20282	0.01652	0.00894	0.00259	0.00447	0.01430	0.00809	0.00826
11	0.01121	0.00776	0.00969	0.00969	0.01011	0.00819	0.00623	0.01207	0.01164	0.01595	0.02330	0.04451	0.02548	0.52177	0.24151	0.00904	0.01159	0.01036	0.00453	0.00538
12	0.02603	0.23694	0.02521	0.01433	0.02007	0.04915	0.01236	0.12589	0.09011	0.23985	0.02518	0.02388	0.05960	0.00934	0.00699	0.00218	0.00750	0.00711	0.00680	0.01147
13	0.10069	0.01465	0.01701	0.01484	0.01743	0.08961	0.05348	0.02008	0.01623	0.07076	0.12562	0.02941	0.02462	0.06896	0.15683	0.00496	0.12268	0.00836	0.03560	0.00818
14	0.78228	0.01499	0.01140	0.01020	0.01499	0.01739	0.00840	0.02279	0.01320	0.03479	0.01080	0.01260	0.00840	0.00720	0.00480	0.00240	0.00600	0.00420	0.00480	0.00840
15	0.01026	0.00814	0.00951	0.00963	0.01183	0.00697	0.00693	0.01229	0.01667	0.02180	0.10259	0.32646	0.29720	0.01952	0.00904	0.00264	0.00436	0.01703	0.00699	0.10015
16	0.01803	0.25591	0.15669	0.17933	0.03003	0.06331	0.01792	0.02327	0.06032	0.02054	0.01377	0.01735	0.01122	0.00912	0.00905	0.05734	0.03785	0.00576	0.00370	0.00950
17	0.07818	0.15635	0.02209	0.01415	0.01929	0.01939	0.01188	0.19679	0.10022	0.14902	0.08355	0.02487	0.02102	0.03574	0.03174	0.00278	0.00759	0.00745	0.00686	0.01103
18	0.02724	0.01372	0.01710	0.01378	0.01875	0.01330	0.01113	0.11610	0.10792	0.38204	0.15946	0.03206	0.02989	0.01094	0.00808	0.00243	0.00620	0.00907	0.00891	0.01188
19	0.01003	0.00760	0.00999	0.01113	0.01182	0.00756	0.00775	0.01161	0.01535	0.02057	0.08584	0.57742	0.10124	0.02262	0.01083	0.00307	0.05199	0.02001	0.00703	0.00653
20	0.08534	0.01946	0.02055	0.01652	0.02210	0.02171	0.01343	0.41089	0.20770	0.06843	0.02206	0.02130	0.01595	0.00949	0.00757	0.00242	0.00760	0.00729	0.00764	0.01256
21	0.03277	0.01488	0.01885	0.01462	0.02053	0.01409	0.01202	0.14131	0.07145	0.53033	0.02865	0.02527	0.01851	0.00962	0.00780	0.00240	0.00689	0.00773	0.00916	0.01313
22	0.01862	0.45027	0.30405	0.01686	0.02546	0.02552	0.01953	0.02376	0.01601	0.02081	0.01206	0.01404	0.00990	0.00693	0.00595	0.00198	0.00958	0.00479	0.00330	0.01056
23	0.08870	0.01352	0.01709	0.01376	0.01906	0.01267	0.01130	0.09693	0.02221	0.48359	0.02929	0.07503	0.02146	0.01110	0.00788	0.00251	0.00664	0.04655	0.00873	0.01199
24	0.00984	0.00780	0.00884	0.00875	0.01093	0.00681	0.00650	0.01238	0.01903	0.02455	0.29269	0.11313	0.41410	0.01858	0.00921	0.00259	0.00387	0.01590	0.00768	0.00681
25	0.02080	0.62141	0.09937	0.01454	0.02144	0.07410	0.01481	0.02386	0.01623	0.01888	0.01115	0.01291	0.00994	0.00679	0.00533	0.00176	0.00897	0.00435	0.00336	0.01003
26	0.59926	0.01475	0.01337	0.09213	0.01975	0.01707	0.01021	0.05677	0.01534	0.03357	0.05618	0.01691	0.01324	0.00796	0.00560	0.00242	0.00649	0.00533	0.00505	0.00861
27	0.01817	0.01005	0.01136	0.01026	0.01300	0.00995	0.00785	0.09998	0.01923	0.12427	0.03076	0.08884	0.06834	0.08667	0.01044	0.00279	0.00531	0.03364	0.34063	0.00847
28	0.00943	0.00681	0.00893	0.01063	0.01120	0.00631	0.00713	0.01081	0.01500	0.01986	0.04472	0.68661	0.08584	0.02403	0.00986	0.00312	0.00447	0.02173	0.00720	0.00631
29	0.01384	0.01219	0.06317	0.06200	0.06293	0.01022	0.05076	0.01740	0.01831	0.07594	0.22791	0.23501	0.08763	0.01570	0.00894	0.00266	0.00610	0.01413	0.00683	0.00834
30	0.01631	0.03480	0.50989	0.02503	0.03548	0.01845	0.20077	0.02463	0.01690	0.02463	0.01440	0.01763	0.01036	0.00714	0.00786	0.00250	0.01191	0.00668	0.00345	0.01118
31	0.73085	0.01487	0.01185	0.01044	0.01532	0.01698	0.00860	0.02382	0.01381	0.07949	0.01216	0.01354	0.00914	0.00736	0.00500	0.00240	0.00604	0.00445	0.00513	0.00873
32	0.14582	0.01499	0.02358	0.17888	0.10528	0.01548	0.12600	0.02464	0.01778	0.16176	0.06690	0.02516	0.04275	0.00877	0.00767	0.00248	0.00847	0.00791	0.00558	0.01009
33	0.02592	0.08798	0.17891	0.01635	0.02316	0.06627	0.01607	0.03156	0.06414	0.32719	0.02417	0.02606	0.01744	0.00953	0.00757	0.00241	0.00846	0.04830	0.00681	0.01170
34	0.01347	0.00673	0.01010	0.01010	0.01010	0.00673	0.00673	0.01010	0.01010	0.01347	0.01347	0.02357	0.01347	0.02694	0.03030	0.77441	0.00673	0.00673	0.00337	0.00337
35	0.02049	0.01639	0.01757	0.01563	0.02013	0.01867	0.01220	0.04094	0.61520	0.08308	0.03148	0.02873	0.02332	0.01045	0.00788	0.00261	0.00617	0.00869	0.00802	0.01234
36	0.01767	0.01452	0.05572	0.23325	0.05776	0.01411	0.03523	0.06434	0.05870	0.11847	0.05416	0.08096	0.13902	0.01178	0.00824	0.00257	0.00773	0.01016	0.00602	0.00959
37	0.02675	0.11178	0.13928	0.01591	0.02267	0.01730	0.01521	0.09586	0.06430	0.32770	0.02264	0.02152	0.01545	0.00888	0.00796	0.00232	0.03425	0.00680	0.00698	0.03644
38	0.11638	0.01706	0.01965	0.01620	0.02129	0.01858	0.05749	0.18622	0.27500	0.07736	0.02457	0.06585	0.01926	0.01012	0.00760	0.00248	0.00712	0.00837	0.00713	0.04227

[dist]
# distance from previous block
# <min> <max>
0	6

[block]
# block no. 1 follows, 25 sequences, length 20
# corresponding to MSA columns:
# 523-542
name=unknown_B
#
# <colnr> <probs for GDERKNQSTAVLIFYWHMCP>
#	G	D	E	R	K	N	Q	S	T	A	V	L	I	F	Y	W	H	M	C	P
0	0.45534	0.10945	0.01825	0.07663	0.02069	0.01983	0.01127	0.10186	0.05108	0.03259	0.01322	0.01504	0.01027	0.00757	0.00565	0.00229	0.00701	0.00504	0.00500	0.03191
1	0.28734	0.03828	0.09333	0.08444	0.07165	0.01654	0.03379	0.02430	0.05006	0.09718	0.01995	0.02153	0.05839	0.00864	0.00716	0.00240	0.02813	0.00656	0.00514	0.04519
2	0.01908	0.01813	0.05115	0.10818	0.04705	0.06577	0.08104	0.08589	0.10387	0.05175	0.07855	0.02331	0.01895	0.00841	0.00745	0.00212	0.00824	0.00729	0.00553	0.20821
3	0.01685	0.01249	0.01519	0.01162	0.01714	0.01014	0.00914	0.01991	0.01581	0.08811	0.01720	0.02167	0.01458	0.06683	0.10547	0.00333	0.00807	0.00592	0.00503	0.53546
4	0.06087	0.05279	0.07618	0.22983	0.03134	0.06664	0.01643	0.14321	0.13009	0.02918	0.01821	0.02070	0.01371	0.00852	0.00721	0.00238	0.00877	0.00675	0.06690	0.01029
5	0.01366	0.01025	0.01336	0.01454	0.01677	0.01070	0.01246	0.02037	0.12881	0.02479	0.03943	0.07743	0.04103	0.01955	0.01023	0.00341	0.00697	0.52098	0.00727	0.00802
6	0.01407	0.00730	0.00757	0.00750	0.00931	0.00724	0.00563	0.01769	0.01689	0.02915	0.09668	0.03209	0.02573	0.00978	0.00583	0.00188	0.00362	0.00797	0.68684	0.00724
7	0.02687	0.01662	0.01931	0.01528	0.02046	0.01741	0.01247	0.35943	0.02901	0.20613	0.11400	0.02699	0.02360	0.01391	0.05890	0.00311	0.00826	0.00828	0.00807	0.01190
8	0.01574	0.01006	0.01179	0.01015	0.01410	0.00831	0.00785	0.01822	0.01807	0.15173	0.07126	0.11663	0.32328	0.01504	0.00824	0.00231	0.00489	0.01266	0.00715	0.17254
9	0.01305	0.01139	0.01363	0.01240	0.01402	0.04709	0.00966	0.01605	0.01942	0.02690	0.44555	0.04828	0.10892	0.01528	0.01253	0.00264	0.15634	0.01220	0.00708	0.00759
10	0.01812	0.21772	0.38189	0.02007	0.02859	0.06971	0.05619	0.02418	0.01634	0.02204	0.01274	0.01547	0.01000	0.00769	0.00831	0.00230	0.06913	0.00554	0.00338	0.01059
11	0.00943	0.00683	0.00892	0.01059	0.01119	0.00632	0.00711	0.01082	0.01504	0.01987	0.04526	0.67677	0.09533	0.02396	0.00984	0.00311	0.00446	0.02164	0.00720	0.00632
12	0.01608	0.01378	0.01608	0.01148	0.01837	0.01034	0.00919	0.01952	0.01608	0.02527	0.01378	0.01608	0.01148	0.00574	0.00574	0.00115	0.00574	0.00459	0.00459	0.77491
13	0.06672	0.08437	0.02218	0.01838	0.02267	0.51738	0.01413	0.03138	0.11034	0.02162	0.01455	0.01587	0.01180	0.00820	0.00685	0.00208	0.01205	0.00541	0.00453	0.00948
14	0.01461	0.01282	0.02070	0.40550	0.14765	0.01474	0.01743	0.01810	0.01465	0.01936	0.01624	0.02719	0.01476	0.16697	0.01590	0.04430	0.00933	0.00785	0.00378	0.00810
15	0.00924	0.00755	0.00817	0.00866	0.01068	0.00648	0.00625	0.01104	0.01690	0.02063	0.06878	0.25128	0.50563	0.02091	0.00936	0.00276	0.00408	0.01791	0.00720	0.00648
16	0.01793	0.04552	0.16423	0.05399	0.05844	0.01618	0.01590	0.11758	0.13378	0.05902	0.06223	0.14283	0.05498	0.01215	0.00809	0.00256	0.00763	0.01029	0.00621	0.01046
17	0.01778	0.07267	0.01827	0.01425	0.01762	0.01604	0.01161	0.21981	0.02043	0.02792	0.01925	0.02516	0.01661	0.03820	0.41829	0.00831	0.01581	0.00754	0.00524	0.00918
18	0.02144	0.03986	0.07081	0.05279	0.10617	0.04847	0.08527	0.11334	0.02056	0.11615	0.01991	0.02151	0.04376	0.00799	0.00732	0.00207	0.00849	0.00690	0.00546	0.20173
19	0.07086	0.15023	0.14107	0.01808	0.05414	0.12993	0.01618	0.12529	0.02124	0.15036	0.01673	0.01740	0.01224	0.00797	0.00683	0.00215	0.00931	0.00583	0.00544	0.03872

[dist]
# distance from previous block
# <min> <max>
1	4

[block]
# block no. 2 follows, 25 sequences, length 22
# corresponding to MSA columns:
# 547-568
name=unknown_C
#
# <colnr> <probs for GDERKNQSTAVLIFYWHMCP>
#	G	D	E	R	K	N	Q	S	T	A	V	L	I	F	Y	W	H	M	C	P
0	0.35580	0.01771	0.04399	0.13140	0.02383	0.07950	0.01273	0.05845	0.08360	0.03052	0.07871	0.02067	0.01706	0.00867	0.00651	0.00242	0.00763	0.00637	0.00527	0.00917
1	0.30941	0.11699	0.04798	0.01466	0.02020	0.14202	0.01256	0.15442	0.02061	0.07589	0.01407	0.01514	0.01065	0.00786	0.00613	0.00222	0.00852	0.00521	0.00532	0.01014
2	0.01059	0.00787	0.00999	0.01122	0.01219	0.00772	0.00773	0.01426	0.08226	0.02209	0.09763	0.59233	0.05039	0.02213	0.00962	0.00303	0.00459	0.01997	0.00739	0.00700
3	0.01413	0.00913	0.01217	0.19841	0.02163	0.01022	0.01028	0.01807	0.01563	0.02521	0.02166	0.02684	0.01723	0.01420	0.08371	0.00321	0.00737	0.00726	0.47608	0.00757
4	0.01336	0.00745	0.00821	0.00802	0.00983	0.00725	0.00601	0.01699	0.01804	0.02959	0.22867	0.03799	0.03655	0.01117	0.00659	0.00200	0.00363	0.00935	0.53204	0.00725
5	0.01525	0.00887	0.01173	0.01048	0.01306	0.00805	0.00805	0.01879	0.02199	0.14837	0.55938	0.05226	0.06347	0.01473	0.00890	0.00243	0.00419	0.01290	0.00873	0.00837
6	0.01147	0.00796	0.00912	0.00932	0.00968	0.00805	0.00561	0.01309	0.05325	0.01696	0.02805	0.16555	0.03190	0.56052	0.03235	0.00645	0.00691	0.01298	0.00533	0.00545
7	0.02947	0.02172	0.02327	0.01784	0.02404	0.02404	0.01474	0.65329	0.03646	0.04887	0.01862	0.01862	0.01319	0.00931	0.00776	0.00233	0.00853	0.00698	0.00776	0.01319
8	0.01835	0.01576	0.02326	0.53628	0.04607	0.01893	0.01984	0.17803	0.02074	0.02707	0.01499	0.02016	0.01105	0.00814	0.00775	0.00252	0.00989	0.00691	0.00452	0.00976
9	0.01460	0.01121	0.01270	0.01154	0.01447	0.01134	0.00884	0.13091	0.09441	0.03059	0.26356	0.13252	0.20072	0.01603	0.00885	0.00257	0.00498	0.01372	0.00784	0.00861
10	0.01108	0.00831	0.01246	0.01246	0.01385	0.00969	0.00969	0.01385	0.01246	0.01800	0.02077	0.03046	0.01938	0.05815	0.69678	0.01246	0.02077	0.00831	0.00415	0.00692
11	0.78228	0.01499	0.01140	0.01020	0.01499	0.01739	0.00840	0.02279	0.01320	0.03479	0.01080	0.01260	0.00840	0.00720	0.00480	0.00240	0.00600	0.00420	0.00480	0.00840
12	0.01769	0.32579	0.42038	0.01845	0.02792	0.02324	0.02230	0.02400	0.01612	0.02195	0.01262	0.01475	0.00987	0.00706	0.00638	0.00213	0.01015	0.00508	0.00329	0.01084
13	0.01623	0.01124	0.01312	0.01181	0.01450	0.01169	0.00919	0.17427	0.02260	0.03207	0.23311	0.08536	0.03945	0.05997	0.05365	0.00337	0.00648	0.05415	0.13924	0.00850
14	0.27985	0.09350	0.09569	0.04683	0.02090	0.03922	0.01292	0.04531	0.01604	0.08469	0.01442	0.01754	0.01151	0.04525	0.00867	0.00247	0.04321	0.00549	0.00479	0.11169
15	0.01128	0.00752	0.00846	0.00846	0.00846	0.00752	0.00470	0.01128	0.01128	0.01503	0.02443	0.05074	0.02819	0.72751	0.03946	0.00752	0.00752	0.01128	0.00470	0.00470
16	0.01115	0.00803	0.01106	0.01106	0.01196	0.00893	0.00795	0.01295	0.01205	0.01696	0.02205	0.03754	0.02246	0.29199	0.46715	0.01073	0.01614	0.00934	0.00434	0.00615
17	0.19340	0.04421	0.04750	0.01339	0.01774	0.01508	0.01129	0.04827	0.16932	0.12351	0.06773	0.11071	0.02624	0.01222	0.00759	0.00262	0.00634	0.06600	0.00691	0.00994
18	0.10359	0.15371	0.11659	0.04606	0.06165	0.01848	0.05522	0.02300	0.01646	0.08179	0.04871	0.02181	0.01570	0.00872	0.00850	0.00227	0.07309	0.03227	0.00469	0.10769
19	0.01659	0.10696	0.10280	0.01303	0.02046	0.01384	0.01212	0.02061	0.01607	0.02430	0.01342	0.01566	0.01109	0.00606	0.00585	0.00138	0.00677	0.00468	0.00427	0.58404
20	0.20108	0.07957	0.06661	0.01536	0.02074	0.10360	0.01328	0.10045	0.13979	0.12932	0.01886	0.01899	0.01390	0.00874	0.00747	0.00237	0.03680	0.00621	0.00604	0.01080
21	0.01895	0.05820	0.17808	0.01712	0.05388	0.01610	0.01567	0.02897	0.20640	0.10076	0.02487	0.02472	0.05750	0.00894	0.00726	0.00221	0.00750	0.00727	0.00587	0.15973

[dist]
# distance from previous block
# <min> <max>
0	2

[block]
# block no. 3 follows, 25 sequences, length 19
# corresponding to MSA columns:
# 571-589
name=unknown_D
#
# <colnr> <probs for GDERKNQSTAVLIFYWHMCP>
#	G	D	E	R	K	N	Q	S	T	A	V	L	I	F	Y	W	H	M	C	P
0	0.38960	0.03904	0.01644	0.09607	0.08932	0.01648	0.01195	0.02353	0.06924	0.05940	0.07331	0.02287	0.04702	0.00890	0.00641	0.00242	0.00666	0.00672	0.00539	0.00924
1	0.01213	0.00778	0.00945	0.00963	0.01074	0.00728	0.00639	0.01340	0.01512	0.06807	0.10564	0.26113	0.12275	0.29112	0.02090	0.00462	0.00565	0.01530	0.00656	0.00633
2	0.01128	0.00908	0.01458	0.01443	0.01614	0.00862	0.09276	0.01379	0.01596	0.02120	0.03882	0.49126	0.04464	0.02133	0.00998	0.00317	0.00620	0.15297	0.00676	0.00703
3	0.02004	0.11494	0.27245	0.01726	0.02493	0.05033	0.01828	0.17900	0.02171	0.03020	0.04132	0.01891	0.01409	0.00810	0.00692	0.00214	0.00903	0.00615	0.06497	0.07925
4	0.01929	0.01666	0.01753	0.01578	0.02016	0.01929	0.01227	0.04120	0.66513	0.03243	0.03156	0.02893	0.02367	0.01052	0.00789	0.00263	0.00614	0.00877	0.00789	0.01227
5	0.01840	0.02047	0.04280	0.03091	0.03839	0.01957	0.58411	0.02655	0.08602	0.02563	0.01735	0.02175	0.01301	0.00695	0.00902	0.00262	0.01235	0.00911	0.00434	0.01065
6	0.01150	0.00781	0.00863	0.00877	0.01092	0.00718	0.00681	0.01443	0.01788	0.02518	0.14348	0.05970	0.30288	0.01603	0.00820	0.00246	0.00421	0.09282	0.24416	0.00695
7	0.02234	0.01758	0.01942	0.01470	0.02106	0.01725	0.01194	0.30419	0.08300	0.03643	0.01752	0.01836	0.01333	0.00776	0.00683	0.00181	0.00702	0.00603	0.00630	0.36714
8	0.03291	0.01283	0.01753	0.01384	0.01948	0.01119	0.01149	0.03595	0.02183	0.62871	0.03147	0.03154	0.02134	0.01059	0.00804	0.00250	0.00664	0.06005	0.00939	0.01268
9	0.01484	0.01400	0.02240	0.49460	0.04257	0.01799	0.01947	0.01902	0.01443	0.01939	0.01361	0.02073	0.01111	0.01354	0.07318	0.00364	0.16656	0.00699	0.00350	0.00843
10	0.01867	0.07300	0.14376	0.07674	0.05400	0.01728	0.06176	0.05645	0.17474	0.08155	0.11629	0.02689	0.02368	0.00949	0.00775	0.00240	0.00803	0.00814	0.00600	0.03337
11	0.01128	0.00752	0.00846	0.00846	0.00846	0.00752	0.00470	0.01128	0.01128	0.01503	0.02443	0.05074	0.02819	0.72751	0.03946	0.00752	0.00752	0.01128	0.00470	0.00470
12	0.01069	0.00756	0.00862	0.00870	0.00944	0.00721	0.00545	0.01161	0.01405	0.01846	0.11379	0.11275	0.15687	0.45059	0.02767	0.00562	0.00613	0.01347	0.00584	0.00549
13	0.02368	0.33105	0.14306	0.01541	0.02238	0.05019	0.01542	0.07940	0.01957	0.17341	0.04504	0.01881	0.01501	0.00811	0.00652	0.00207	0.00851	0.00594	0.00536	0.01106
14	0.22789	0.10351	0.02178	0.10666	0.05027	0.10733	0.04097	0.02817	0.11371	0.10437	0.01714	0.01850	0.01290	0.00805	0.00661	0.00232	0.00840	0.00608	0.00529	0.01007
15	0.01175	0.00915	0.01114	0.00980	0.01283	0.00782	0.00747	0.01507	0.01997	0.02812	0.43309	0.05191	0.16315	0.01436	0.00843	0.00220	0.00415	0.01243	0.00747	0.16969
16	0.01337	0.00696	0.01035	0.01054	0.01073	0.00696	0.00734	0.01073	0.01091	0.01449	0.01636	0.03026	0.01673	0.02636	0.02825	0.69370	0.00678	0.07167	0.00376	0.00376
17	0.05742	0.04878	0.02305	0.02272	0.16357	0.04692	0.06104	0.10690	0.08852	0.14806	0.02688	0.05543	0.07315	0.01039	0.00788	0.00245	0.00793	0.03144	0.00638	0.01109
18	0.10936	0.01504	0.02325	0.07376	0.13404	0.01484	0.13451	0.05715	0.01744	0.02626	0.02066	0.14556	0.01997	0.01067	0.00785	0.00242	0.00810	0.04023	0.00505	0.13384

[dist]
# distance from previous block
# <min> <max>
0	1

[block]
# block no. 4 follows, 25 sequences, length 57
# corresponding to MSA columns:
# 592-612,616-638,640-652
name=unknown_E
#
# <colnr> <probs for GDERKNQSTAVLIFYWHMCP>
#	G	D	E	R	K	N	Q	S	T	A	V	L	I	F	Y	W	H	M	C	P
0	0.01497	0.01405	0.02300	0.64626	0.05040	0.01760	0.02089	0.02081	0.04717	0.02038	0.01450	0.02092	0.01098	0.00813	0.00850	0.00262	0.03940	0.00698	0.00366	0.00879
1	0.15446	0.01841	0.10432	0.08003	0.06428	0.01590	0.04372	0.09417	0.01855	0.07715	0.04132	0.04791	0.01537	0.00859	0.00757	0.00223	0.03112	0.00688	0.00522	0.16280
2	0.01610	0.15353	0.35236	0.01766	0.02532	0.01858	0.01975	0.02485	0.12343	0.02397	0.02093	0.13165	0.01883	0.01049	0.00744	0.00245	0.00889	0.00858	0.00468	0.01049
3	0.02582	0.01939	0.02076	0.01641	0.02192	0.02131	0.01339	0.50388	0.10317	0.04387	0.05058	0.02629	0.07628	0.01062	0.00795	0.00239	0.00767	0.00829	0.00775	0.01226
4	0.01098	0.00797	0.01117	0.01133	0.01229	0.00885	0.00824	0.01294	0.01239	0.01744	0.02366	0.09831	0.02444	0.21901	0.47337	0.01040	0.01604	0.01028	0.00456	0.00632
5	0.02095	0.01409	0.01539	0.01352	0.01762	0.01540	0.01061	0.06066	0.38555	0.13266	0.02938	0.02810	0.02164	0.00997	0.00728	0.00239	0.00571	0.00818	0.18966	0.01125
6	0.00950	0.00713	0.00881	0.00994	0.01107	0.00645	0.00687	0.01120	0.01617	0.02103	0.10432	0.49813	0.21648	0.02238	0.00964	0.00295	0.00428	0.01989	0.00731	0.00645
7	0.01235	0.00819	0.01030	0.01015	0.01224	0.00739	0.00765	0.01511	0.01934	0.08061	0.31948	0.18930	0.20170	0.01820	0.00929	0.00269	0.00436	0.05626	0.00796	0.00742
8	0.01538	0.01299	0.01394	0.01281	0.01631	0.01410	0.00986	0.02926	0.39553	0.02944	0.15693	0.04505	0.18919	0.01366	0.00842	0.00259	0.00517	0.01152	0.00784	0.01002
9	0.00982	0.00788	0.00876	0.00854	0.01087	0.00682	0.00641	0.01239	0.01922	0.02461	0.29399	0.06859	0.45826	0.01827	0.00916	0.00255	0.00383	0.01552	0.00768	0.00682
10	0.68536	0.10626	0.01512	0.01059	0.01562	0.01908	0.00902	0.02285	0.01352	0.03268	0.01079	0.01258	0.00859	0.00713	0.00482	0.00230	0.00629	0.00419	0.00461	0.00859
11	0.02740	0.01316	0.01675	0.01317	0.01827	0.01204	0.01062	0.10939	0.02290	0.40599	0.13463	0.03103	0.02723	0.04674	0.00945	0.00255	0.00633	0.00864	0.00852	0.07517
12	0.01284	0.01056	0.01365	0.01301	0.01554	0.01068	0.04781	0.02014	0.17371	0.02550	0.14799	0.24350	0.14364	0.01751	0.00920	0.00283	0.00543	0.07081	0.00738	0.00827
13	0.78228	0.01499	0.01140	0.01020	0.01499	0.01739	0.00840	0.02279	0.01320	0.03479	0.01080	0.01260	0.00840	0.00720	0.00480	0.00240	0.00600	0.00420	0.00480	0.00840
14	0.01049	0.00784	0.00972	0.01038	0.01201	0.00725	0.00789	0.01293	0.01764	0.02306	0.18965	0.21501	0.22681	0.06321	0.01150	0.00320	0.00493	0.15247	0.00733	0.00668
15	0.58782	0.01485	0.01331	0.01128	0.01640	0.01631	0.00930	0.05002	0.01607	0.17954	0.01549	0.01589	0.01097	0.00781	0.00558	0.00240	0.00623	0.00510	0.00598	0.00964
16	0.01005	0.00760	0.00931	0.00972	0.01137	0.00686	0.00711	0.01252	0.01836	0.02432	0.27818	0.26110	0.24581	0.01976	0.00945	0.00276	0.00416	0.04712	0.00767	0.00678
17	0.01112	0.00814	0.01162	0.01162	0.01271	0.00923	0.00864	0.01330	0.01221	0.01738	0.02154	0.03473	0.02124	0.19896	0.55851	0.01142	0.01798	0.00893	0.00427	0.00645
18	0.01509	0.01424	0.02406	0.64395	0.11483	0.01734	0.02176	0.02020	0.01572	0.02035	0.01386	0.02053	0.01053	0.00767	0.00774	0.00256	0.01023	0.00689	0.00348	0.00897
19	0.02283	0.13399	0.04829	0.06634	0.09775	0.05103	0.05422	0.15730	0.05195	0.10897	0.01785	0.01989	0.01358	0.01043	0.03465	0.00270	0.05364	0.00674	0.03682	0.01102
20	0.62832	0.09156	0.08077	0.01168	0.01732	0.01883	0.01089	0.02301	0.01377	0.03207	0.01110	0.01295	0.00870	0.00716	0.00507	0.00233	0.00677	0.00434	0.00450	0.00886
21	0.02158	0.66022	0.03870	0.01396	0.02032	0.09958	0.01344	0.02402	0.01640	0.01832	0.01090	0.01260	0.00995	0.00677	0.00518	0.00169	0.00888	0.00423	0.00339	0.00985
22	0.08217	0.27281	0.04343	0.01530	0.06226	0.02022	0.01251	0.05519	0.09672	0.10616	0.06587	0.02682	0.09129	0.00971	0.00677	0.00218	0.00702	0.00751	0.00577	0.01031
23	0.02194	0.01161	0.01461	0.01212	0.01610	0.01088	0.00965	0.10414	0.02354	0.27295	0.30612	0.04267	0.09445	0.01302	0.00847	0.00242	0.00538	0.01103	0.00872	0.01016
24	0.01111	0.00816	0.01171	0.01171	0.01283	0.00928	0.00875	0.01336	0.01224	0.01744	0.02146	0.03427	0.02104	0.18398	0.57322	0.01153	0.01828	0.00887	0.00426	0.00650
25	0.00980	0.00758	0.00883	0.00913	0.01087	0.00673	0.00654	0.01196	0.01778	0.02303	0.22268	0.23471	0.32960	0.05194	0.01072	0.00293	0.00417	0.01697	0.00743	0.00660
26	0.01127	0.00755	0.00864	0.00864	0.00870	0.00762	0.00492	0.01139	0.01133	0.01517	0.02426	0.04982	0.02779	0.69715	0.06927	0.00774	0.00812	0.01114	0.00467	0.00480
27	0.02073	0.73217	0.04063	0.01327	0.01990	0.03068	0.01327	0.02322	0.01575	0.01824	0.01078	0.01244	0.00995	0.00663	0.00498	0.00166	0.00829	0.00415	0.00332	0.00995
28	0.01608	0.01378	0.01608	0.01148	0.01837	0.01034	0.00919	0.01952	0.01608	0.02527	0.01378	0.01608	0.01148	0.00574	0.00574	0.00115	0.00574	0.00459	0.00459	0.77491
29	0.01696	0.01696	0.02375	0.02036	0.02036	0.02375	0.01696	0.01866	0.01187	0.01866	0.01018	0.01696	0.01018	0.01357	0.02545	0.00339	0.71332	0.00679	0.00339	0.00848
30	0.78228	0.01499	0.01140	0.01020	0.01499	0.01739	0.00840	0.02279	0.01320	0.03479	0.01080	0.01260	0.00840	0.00720	0.00480	0.00240	0.00600	0.00420	0.00480	0.00840
31	0.01594	0.01445	0.02014	0.13340	0.02409	0.01856	0.01522	0.07467	0.01542	0.02187	0.01923	0.18424	0.02018	0.01474	0.01720	0.00310	0.36402	0.01042	0.00470	0.00842
32	0.45657	0.05281	0.06798	0.06616	0.02027	0.01650	0.01147	0.02284	0.01481	0.06978	0.01509	0.01684	0.03185	0.00760	0.00568	0.00223	0.00682	0.00520	0.00484	0.10467
33	0.02195	0.24179	0.16290	0.01784	0.02403	0.12486	0.03792	0.02696	0.05672	0.10013	0.01531	0.01700	0.01196	0.00846	0.00904	0.00227	0.10008	0.00582	0.00447	0.01047
34	0.19213	0.00956	0.00939	0.00894	0.01185	0.00932	0.00688	0.01486	0.01781	0.02704	0.22862	0.05533	0.35061	0.01565	0.00813	0.00252	0.00434	0.01284	0.00700	0.00720
35	0.16728	0.01872	0.01843	0.01495	0.02048	0.05352	0.01204	0.25494	0.17137	0.03692	0.01893	0.01916	0.01422	0.00851	0.00685	0.00219	0.00731	0.00636	0.00650	0.14133
36	0.01760	0.02044	0.07918	0.02701	0.03486	0.01732	0.46029	0.02356	0.01765	0.02492	0.01512	0.01949	0.01158	0.00640	0.00823	0.00226	0.01124	0.00786	0.00404	0.19094
37	0.03479	0.01320	0.01799	0.01380	0.01979	0.01140	0.01140	0.03779	0.02219	0.68451	0.03059	0.02639	0.01919	0.00960	0.00780	0.00240	0.00660	0.00780	0.00960	0.01320
38	0.01244	0.00803	0.00906	0.00884	0.00964	0.00803	0.00562	0.03738	0.01459	0.02098	0.10774	0.06784	0.03260	0.45989	0.02742	0.00552	0.00628	0.01108	0.14115	0.00585
39	0.01088	0.00843	0.00997	0.00949	0.01174	0.00779	0.00714	0.01508	0.05959	0.02781	0.43819	0.06170	0.27004	0.01678	0.00907	0.00251	0.00390	0.01448	0.00805	0.00736
40	0.02259	0.01135	0.01467	0.01223	0.01622	0.01056	0.00972	0.05257	0.06533	0.31481	0.32644	0.04073	0.04405	0.01252	0.00842	0.00243	0.00529	0.01069	0.00892	0.01043
41	0.01727	0.01599	0.02623	0.42352	0.27808	0.01811	0.02190	0.06329	0.01767	0.02374	0.01439	0.02000	0.01123	0.00755	0.00772	0.00247	0.00981	0.00690	0.00387	0.01025
42	0.01129	0.00855	0.01053	0.01038	0.01233	0.00817	0.00777	0.01595	0.07624	0.02775	0.41247	0.15835	0.14843	0.01743	0.00922	0.00264	0.00419	0.04281	0.00803	0.00748
43	0.02107	0.01806	0.02180	0.28808	0.03450	0.05997	0.01645	0.23946	0.05501	0.03121	0.01621	0.01926	0.01212	0.00813	0.00741	0.00224	0.00903	0.00655	0.00536	0.12809
44	0.02433	0.04994	0.07202	0.01403	0.01982	0.01429	0.01232	0.09282	0.10360	0.28649	0.06260	0.03044	0.09314	0.01044	0.00767	0.00230	0.00669	0.00847	0.00761	0.08097
45	0.44017	0.01760	0.04611	0.11033	0.02298	0.05229	0.01259	0.08941	0.05646	0.03220	0.01493	0.01914	0.01196	0.00842	0.00622	0.00247	0.00759	0.03476	0.00511	0.00927
46	0.05854	0.41105	0.08205	0.01446	0.02037	0.09521	0.01378	0.02424	0.01650	0.08014	0.01423	0.01650	0.01192	0.01374	0.09439	0.00325	0.01048	0.00523	0.00414	0.00980
47	0.01243	0.00799	0.01029	0.01023	0.01182	0.00740	0.00736	0.01485	0.01831	0.07687	0.31780	0.23826	0.08688	0.10934	0.01318	0.00333	0.00474	0.03416	0.00765	0.00712
48	0.01108	0.00831	0.01246	0.01246	0.01385	0.00969	0.00969	0.01385	0.01246	0.01800	0.02077	0.03046	0.01938	0.05815	0.69678	0.01246	0.02077	0.00831	0.00415	0.00692
49	0.02521	0.01659	0.02268	0.01859	0.05529	0.01626	0.09446	0.13133	0.15375	0.23891	0.02377	0.02313	0.01675	0.00866	0.00768	0.00228	0.00765	0.00753	0.00723	0.12225
50	0.01109	0.00826	0.01222	0.01222	0.01352	0.00956	0.00939	0.01369	0.01239	0.01782	0.02099	0.03169	0.01992	0.09880	0.65687	0.01216	0.01996	0.00849	0.00419	0.00679
51	0.00939	0.00698	0.00876	0.01018	0.01108	0.00635	0.00692	0.01087	0.01544	0.02004	0.05027	0.58607	0.18279	0.02331	0.00974	0.00304	0.00438	0.02085	0.00720	0.00635
52	0.02604	0.01573	0.01816	0.01518	0.02033	0.01663	0.01213	0.08831	0.36861	0.28404	0.03016	0.02714	0.02112	0.01007	0.00784	0.00252	0.00650	0.00825	0.00853	0.01270
53	0.19415	0.01624	0.06854	0.01413	0.01864	0.01592	0.01214	0.17201	0.05915	0.07498	0.02074	0.08496	0.01778	0.02165	0.16988	0.00484	0.01043	0.00809	0.00595	0.00979
54	0.01197	0.01285	0.09933	0.07697	0.01995	0.01143	0.01318	0.01575	0.01324	0.01900	0.01926	0.02778	0.01734	0.04711	0.54643	0.01029	0.01864	0.00785	0.00398	0.00765
55	0.02770	0.01348	0.01717	0.01415	0.01913	0.01325	0.01141	0.03564	0.18964	0.42861	0.02959	0.02757	0.02039	0.01602	0.09550	0.00374	0.00828	0.00812	0.00846	0.01216
56	0.05452	0.18670	0.02718	0.09280	0.02531	0.02149	0.08767	0.09645	0.10066	0.04732	0.01708	0.01965	0.01347	0.00877	0.00918	0.00236	0.09810	0.00667	0.07448	0.01012

[dist]
# distance from previous block
# <min> <max>
0	5

[block]
# block no. 5 follows, 25 sequences, length 20
# corresponding to MSA columns:
# 658-673,681-684
name=unknown_F
#
# <colnr> <probs for GDERKNQSTAVLIFYWHMCP>
#	G	D	E	R	K	N	Q	S	T	A	V	L	I	F	Y	W	H	M	C	P
0	0.06851	0.01475	0.01807	0.01489	0.04241	0.01373	0.03327	0.04876	0.14861	0.16693	0.04675	0.02260	0.01786	0.00818	0.00693	0.00197	0.00640	0.00677	0.00653	0.30608
1	0.06059	0.17926	0.31378	0.01869	0.04343	0.07894	0.01990	0.02603	0.05527	0.06639	0.01673	0.02099	0.01343	0.00844	0.00696	0.00232	0.00976	0.04405	0.00436	0.01067
2	0.02066	0.01480	0.01698	0.01354	0.01856	0.01445	0.01096	0.24804	0.02528	0.08322	0.15779	0.03353	0.06484	0.01103	0.00778	0.00215	0.00636	0.04190	0.00720	0.20094
3	0.01598	0.16596	0.07044	0.16250	0.06416	0.01788	0.11634	0.02027	0.01618	0.02140	0.01921	0.08779	0.01821	0.01316	0.05147	0.00306	0.00992	0.06916	0.00431	0.05259
4	0.01347	0.00673	0.01010	0.01010	0.01010	0.00673	0.00673	0.01010	0.01010	0.01347	0.01347	0.02357	0.01347	0.02694	0.03030	0.77441	0.00673	0.00673	0.00337	0.00337
5	0.03211	0.01628	0.01975	0.01528	0.02125	0.01613	0.01258	0.24648	0.06351	0.43218	0.02659	0.02390	0.01741	0.00955	0.00779	0.00239	0.00723	0.00758	0.00888	0.01314
6	0.43446	0.01416	0.01447	0.01187	0.01723	0.01460	0.00979	0.02977	0.01738	0.33711	0.02001	0.01901	0.01342	0.00831	0.00619	0.00240	0.00628	0.00587	0.00703	0.01063
7	0.08859	0.01406	0.01661	0.01373	0.01866	0.01420	0.01104	0.06770	0.19801	0.33302	0.11286	0.02965	0.02626	0.01045	0.00775	0.00246	0.00614	0.00854	0.00850	0.01178
8	0.01107	0.00776	0.01014	0.01145	0.01227	0.00760	0.00848	0.01287	0.01499	0.01977	0.03717	0.30672	0.04259	0.21319	0.01818	0.00448	0.00629	0.24232	0.00650	0.00618
9	0.01085	0.00783	0.01025	0.00984	0.01156	0.00723	0.00731	0.01432	0.02136	0.03016	0.62308	0.11254	0.07136	0.01654	0.00921	0.00250	0.00373	0.01468	0.00843	0.00723
10	0.01155	0.00838	0.01084	0.01063	0.01113	0.00930	0.00725	0.01265	0.01174	0.01632	0.02224	0.04137	0.02392	0.44292	0.27507	0.00904	0.05558	0.00993	0.00442	0.00573
11	0.01128	0.00752	0.00846	0.00846	0.00846	0.00752	0.00470	0.01128	0.01128	0.01503	0.02443	0.05074	0.02819	0.72751	0.03946	0.00752	0.00752	0.01128	0.00470	0.00470
12	0.01071	0.00792	0.01000	0.00948	0.01142	0.00720	0.00711	0.01412	0.02133	0.02961	0.58816	0.06035	0.16097	0.01640	0.00915	0.00246	0.00370	0.01436	0.00834	0.00720
13	0.02021	0.01640	0.01801	0.01448	0.01998	0.01673	0.01154	0.18342	0.25365	0.03403	0.06331	0.02396	0.02018	0.00897	0.00722	0.00205	0.00644	0.00727	0.00680	0.26535
14	0.02585	0.01515	0.01765	0.01462	0.01946	0.01578	0.01184	0.18782	0.17954	0.24820	0.02754	0.02916	0.02031	0.01098	0.00846	0.02542	0.00674	0.04781	0.07593	0.01176
15	0.50952	0.01702	0.01342	0.01183	0.01636	0.09837	0.00949	0.05675	0.01685	0.07272	0.05608	0.02062	0.05653	0.00887	0.00594	0.00236	0.00686	0.00603	0.00553	0.00884
16	0.01817	0.04519	0.07405	0.01552	0.05508	0.01459	0.01273	0.11817	0.01955	0.02872	0.05528	0.01914	0.01537	0.00742	0.00716	0.00168	0.03153	0.00582	0.00509	0.44974
17	0.28454	0.08113	0.11122	0.01562	0.03903	0.05409	0.03701	0.10410	0.03909	0.07146	0.01894	0.02002	0.05052	0.00850	0.00646	0.00232	0.00788	0.00625	0.03180	0.01004
18	0.02028	0.01839	0.05743	0.01385	0.01966	0.10555	0.01158	0.04546	0.10152	0.10022	0.02196	0.02254	0.04922	0.00823	0.00674	0.00183	0.00723	0.00646	0.05076	0.33107
19	0.01932	0.01241	0.01510	0.01214	0.01673	0.01126	0.00963	0.09396	0.04584	0.15640	0.27422	0.03501	0.03748	0.01097	0.00776	0.00208	0.00543	0.00928	0.00756	0.21741

[dist]
# distance from previous block
# <min> <max>
0	1

[block]
# block no. 6 follows, 25 sequences, length 24
# corresponding to MSA columns:
# 686-709
name=unknown_G
#
# <colnr> <probs for GDERKNQSTAVLIFYWHMCP>
#	G	D	E	R	K	N	Q	S	T	A	V	L	I	F	Y	W	H	M	C	P
0	0.01766	0.04475	0.08797	0.11359	0.09131	0.01487	0.01491	0.05564	0.07764	0.06324	0.05657	0.02469	0.05704	0.00858	0.00717	0.00205	0.00742	0.00717	0.00530	0.24243
1	0.07251	0.16464	0.24400	0.06040	0.02735	0.04421	0.05203	0.02684	0.01741	0.16898	0.01665	0.01800	0.01197	0.00793	0.00759	0.00232	0.03535	0.00604	0.00486	0.01091
2	0.03897	0.11636	0.39490	0.01788	0.02630	0.01784	0.02061	0.05766	0.01738	0.10402	0.01694	0.02113	0.01325	0.09161	0.01082	0.00293	0.00972	0.00646	0.00449	0.01071
3	0.00940	0.00692	0.00882	0.01033	0.01112	0.00634	0.00699	0.01085	0.01529	0.01997	0.04836	0.62067	0.14943	0.02356	0.00978	0.00307	0.00441	0.02115	0.00720	0.00634
4	0.01823	0.01343	0.01634	0.13874	0.02350	0.01444	0.01217	0.09526	0.19272	0.10444	0.09934	0.03932	0.17484	0.01239	0.00825	0.00254	0.00647	0.01037	0.00717	0.01002
5	0.06973	0.01626	0.01857	0.01477	0.02015	0.01685	0.01204	0.27758	0.07774	0.27458	0.02496	0.04994	0.01788	0.00996	0.00754	0.00238	0.00700	0.00787	0.06205	0.01217
6	0.07394	0.01364	0.01759	0.01380	0.01957	0.01250	0.01132	0.03731	0.08536	0.58458	0.02961	0.02589	0.01905	0.00956	0.00764	0.00242	0.00652	0.00770	0.00917	0.01284
7	0.01671	0.00972	0.01242	0.01097	0.01395	0.00905	0.00849	0.02146	0.06909	0.17427	0.44926	0.04988	0.09472	0.01432	0.00876	0.00246	0.00450	0.01241	0.00864	0.00893
8	0.02295	0.01646	0.01831	0.01540	0.01975	0.01781	0.01215	0.37432	0.09375	0.07167	0.02749	0.22232	0.02551	0.01375	0.00839	0.00260	0.00703	0.01153	0.00770	0.01111
9	0.01570	0.01379	0.02340	0.26980	0.03386	0.01516	0.13769	0.05169	0.01699	0.05126	0.02300	0.21731	0.02261	0.01271	0.00983	0.00278	0.05699	0.01161	0.00508	0.00875
10	0.00972	0.00715	0.00918	0.01069	0.01163	0.00661	0.00754	0.01140	0.01561	0.02033	0.04823	0.55360	0.14943	0.02325	0.00987	0.00311	0.00468	0.08434	0.00719	0.00642
11	0.01108	0.00831	0.01246	0.01246	0.01385	0.00969	0.00969	0.01385	0.01246	0.01800	0.02077	0.03046	0.01938	0.05815	0.69678	0.01246	0.02077	0.00831	0.00415	0.00692
12	0.78228	0.01499	0.01140	0.01020	0.01499	0.01739	0.00840	0.02279	0.01320	0.03479	0.01080	0.01260	0.00840	0.00720	0.00480	0.00240	0.00600	0.00420	0.00480	0.00840
13	0.02037	0.01436	0.05165	0.01345	0.01794	0.01335	0.01121	0.06017	0.22150	0.19210	0.17314	0.03903	0.11360	0.01234	0.00826	0.00251	0.00585	0.01035	0.00810	0.01072
14	0.12397	0.01711	0.01855	0.01473	0.02014	0.01830	0.01206	0.32805	0.07008	0.18809	0.02188	0.02135	0.01532	0.00916	0.00716	0.00232	0.00711	0.00696	0.08576	0.01191
15	0.01741	0.28900	0.45476	0.01892	0.02865	0.02256	0.02312	0.02407	0.01615	0.02228	0.01279	0.01496	0.00987	0.00710	0.00651	0.00217	0.01032	0.00516	0.00329	0.01092
16	0.01724	0.01452	0.01540	0.01386	0.01779	0.01609	0.01076	0.07076	0.44644	0.03108	0.09319	0.03964	0.15489	0.01267	0.00823	0.00259	0.00565	0.01058	0.00780	0.01080
17	0.01156	0.00911	0.01431	0.01324	0.01518	0.00982	0.05435	0.01481	0.01515	0.02162	0.17732	0.03637	0.03174	0.04437	0.48337	0.00936	0.01612	0.00974	0.00519	0.00727
18	0.01047	0.00973	0.06495	0.01106	0.01229	0.00761	0.00826	0.01207	0.01395	0.01883	0.03512	0.47201	0.04125	0.22393	0.01814	0.00434	0.00594	0.01761	0.00616	0.00627
19	0.01803	0.17819	0.02597	0.01654	0.02120	0.01779	0.13287	0.06909	0.10378	0.05331	0.08163	0.10303	0.05753	0.01254	0.00970	0.06625	0.00769	0.00975	0.00572	0.00938
20	0.01959	0.48940	0.09857	0.01366	0.01986	0.02400	0.01363	0.02262	0.01635	0.07429	0.01958	0.09257	0.04898	0.00949	0.00618	0.00201	0.00784	0.00713	0.00444	0.00981
21	0.13730	0.03292	0.47890	0.01941	0.02886	0.01844	0.02313	0.07000	0.07095	0.02853	0.01522	0.01697	0.01098	0.00774	0.00703	0.00245	0.00995	0.00583	0.00421	0.01117
22	0.01846	0.05543	0.07830	0.12582	0.02826	0.04155	0.08520	0.08405	0.05310	0.04298	0.05148	0.02059	0.01538	0.00794	0.00785	0.00208	0.03443	0.00667	0.00492	0.23553
23	0.01572	0.01165	0.01382	0.01431	0.06044	0.06649	0.00962	0.01776	0.01476	0.08959	0.05464	0.03561	0.02355	0.25322	0.27657	0.00775	0.01286	0.00910	0.00509	0.00746

[dist]
# distance from previous block
# <min> <max>
2	5

[block]
# block no. 7 follows, 25 sequences, length 10
# corresponding to MSA columns:
# 715-724
name=unknown_H
#
# <colnr> <probs for GDERKNQSTAVLIFYWHMCP>
#	G	D	E	R	K	N	Q	S	T	A	V	L	I	F	Y	W	H	M	C	P
0	0.01553	0.01292	0.01943	0.37502	0.06855	0.01505	0.01633	0.02090	0.07368	0.05987	0.02378	0.07509	0.06408	0.07813	0.01188	0.00311	0.04384	0.00921	0.00486	0.00872
1	0.01742	0.03189	0.02492	0.22837	0.14318	0.01586	0.10011	0.06125	0.01827	0.05462	0.05647	0.08084	0.01870	0.00921	0.00787	0.00235	0.00871	0.00857	0.00488	0.10648
2	0.01288	0.00915	0.01250	0.01323	0.07171	0.00848	0.00892	0.01648	0.02129	0.06545	0.54098	0.05385	0.10508	0.01496	0.00894	0.00244	0.00433	0.01320	0.00808	0.00803
3	0.01583	0.01371	0.06917	0.01431	0.04614	0.03296	0.01130	0.02228	0.11367	0.09570	0.32828	0.09571	0.04614	0.01577	0.04134	0.00298	0.00642	0.01170	0.00744	0.00916
4	0.02502	0.01526	0.01773	0.01441	0.01921	0.01569	0.01159	0.26654	0.07971	0.21514	0.11825	0.08025	0.06226	0.01201	0.00820	0.00246	0.00660	0.00990	0.00831	0.01146
5	0.02507	0.01518	0.02003	0.07558	0.04511	0.01549	0.04538	0.13617	0.13492	0.27035	0.07825	0.02926	0.05305	0.01027	0.00804	0.00246	0.00722	0.00868	0.00779	0.01170
6	0.01778	0.12957	0.02517	0.08027	0.02310	0.07087	0.01623	0.02011	0.01409	0.01915	0.01363	0.02302	0.01339	0.01230	0.01794	0.00297	0.42331	0.06469	0.00378	0.00863
7	0.01562	0.07937	0.01639	0.01142	0.01620	0.01134	0.00895	0.01824	0.01547	0.05537	0.02046	0.13415	0.02023	0.08290	0.05038	0.00287	0.00688	0.00839	0.00513	0.42023
8	0.08139	0.24265	0.04976	0.04774	0.01850	0.08108	0.01151	0.01870	0.01578	0.02060	0.02525	0.25588	0.05558	0.01399	0.00789	0.02206	0.00734	0.01112	0.00501	0.00816
9	0.10118	0.01180	0.01511	0.18910	0.02481	0.01181	0.01193	0.01836	0.01625	0.05662	0.03062	0.09357	0.13401	0.01208	0.00767	0.00237	0.00670	0.06746	0.00549	0.18307

[dist]
# distance from previous block
# <min> <max>
52	236

[block]
# block no. 8 follows, 25 sequences, length 27
# corresponding to MSA columns:
# 1008-1026,1030-1037
name=unknown_I
#
# <colnr> <probs for GDERKNQSTAVLIFYWHMCP>
#	G	D	E	R	K	N	Q	S	T	A	V	L	I	F	Y	W	H	M	C	P
0	0.06526	0.01743	0.02056	0.05055	0.05588	0.07897	0.06150	0.14468	0.05766	0.14039	0.01903	0.02071	0.01413	0.00969	0.00901	0.06248	0.00813	0.00673	0.05002	0.10718
1	0.09627	0.01803	0.09192	0.16175	0.05338	0.01689	0.04649	0.09088	0.05085	0.11473	0.02070	0.02278	0.05076	0.00909	0.00878	0.00245	0.06248	0.00719	0.00539	0.06920
2	0.09008	0.01583	0.02426	0.19229	0.25458	0.01758	0.04212	0.07729	0.01738	0.02559	0.01512	0.02046	0.01244	0.01513	0.10877	0.00393	0.04592	0.00694	0.00421	0.01008
3	0.01955	0.01660	0.02205	0.26302	0.06608	0.05580	0.04757	0.16294	0.02208	0.05449	0.11359	0.02515	0.02087	0.00913	0.00783	0.00234	0.00873	0.00783	0.00557	0.06877
4	0.01688	0.01249	0.01552	0.04018	0.01802	0.03864	0.04046	0.05262	0.09442	0.09820	0.10710	0.19280	0.03254	0.07970	0.05076	0.00352	0.00736	0.01191	0.00667	0.08021
5	0.24327	0.05835	0.07803	0.10417	0.02583	0.01946	0.04667	0.20872	0.02170	0.07159	0.01774	0.01932	0.03675	0.00846	0.00684	0.00238	0.00821	0.00642	0.00561	0.01049
6	0.05253	0.01132	0.01365	0.16607	0.02194	0.04574	0.01102	0.01785	0.07599	0.02227	0.05400	0.31458	0.03267	0.07048	0.01082	0.00311	0.00665	0.01372	0.04800	0.00758
7	0.01891	0.01593	0.01985	0.08977	0.05674	0.04866	0.03808	0.10254	0.01839	0.05731	0.01631	0.02229	0.01401	0.10259	0.01293	0.00273	0.07502	0.00671	0.00493	0.27632
8	0.01838	0.01760	0.03001	0.16528	0.56777	0.01821	0.02339	0.02309	0.01727	0.02435	0.01444	0.01945	0.01194	0.00706	0.00769	0.00235	0.00941	0.00691	0.00377	0.01163
9	0.01487	0.01402	0.02367	0.67555	0.08493	0.01729	0.02165	0.02001	0.01561	0.02009	0.01382	0.02060	0.01043	0.00771	0.00775	0.00257	0.01028	0.00689	0.00347	0.00880
10	0.01464	0.01369	0.02273	0.64006	0.04989	0.01712	0.02085	0.01956	0.01545	0.01993	0.01500	0.02391	0.01208	0.00873	0.00876	0.00267	0.04414	0.03861	0.00363	0.00853
11	0.01464	0.01378	0.02326	0.70887	0.05340	0.01723	0.02153	0.01981	0.01550	0.01981	0.01378	0.02067	0.01034	0.00775	0.00775	0.00258	0.01034	0.00689	0.00345	0.00861
12	0.01910	0.01369	0.01639	0.01186	0.01860	0.01051	0.00954	0.02247	0.01707	0.13175	0.01650	0.01774	0.01273	0.00636	0.00607	0.00135	0.00588	0.00511	0.00540	0.65187
13	0.02137	0.01440	0.01788	0.01454	0.01951	0.01418	0.04171	0.08874	0.20015	0.17267	0.10867	0.06833	0.02684	0.01063	0.00781	0.00229	0.00632	0.00909	0.00751	0.14735
14	0.01291	0.00686	0.01018	0.01035	0.01050	0.00692	0.00701	0.01046	0.01073	0.01441	0.01677	0.08929	0.01746	0.02913	0.08045	0.64298	0.00762	0.00828	0.00379	0.00392
15	0.01851	0.01584	0.01686	0.01522	0.01936	0.01817	0.01181	0.03872	0.60515	0.03231	0.09157	0.03163	0.02828	0.01102	0.00801	0.00261	0.00591	0.00926	0.00795	0.01181
16	0.01608	0.01378	0.01608	0.01148	0.01837	0.01034	0.00919	0.01952	0.01608	0.02527	0.01378	0.01608	0.01148	0.00574	0.00574	0.00115	0.00574	0.00459	0.00459	0.77491
17	0.01772	0.01579	0.02175	0.01581	0.02246	0.01371	0.11037	0.07942	0.01812	0.02708	0.01436	0.01711	0.01162	0.00657	0.00741	0.00159	0.04104	0.00563	0.00473	0.54770
18	0.02637	0.02005	0.02155	0.01687	0.02281	0.02190	0.01377	0.48255	0.14921	0.04367	0.02053	0.02026	0.01494	0.00920	0.00759	0.00227	0.00783	0.00708	0.00749	0.08406
19	0.02947	0.02172	0.02327	0.01784	0.02404	0.02404	0.01474	0.65329	0.03646	0.04887	0.01862	0.01862	0.01319	0.00931	0.00776	0.00233	0.00853	0.00698	0.00776	0.01319
