[name]
unknown

[dist]
# distance from previous block
# <min> <max>
0	46

[block]
# block no. 0 follows, 27 sequences, length 21
# corresponding to MSA columns:
# 56-76
name=unknown_A
#
# <colnr> <probs for GDERKNQSTAVLIFYWHMCP>
#	G	D	E	R	K	N	Q	S	T	A	V	L	I	F	Y	W	H	M	C	P
0	0.06622	0.22958	0.10307	0.01659	0.05694	0.04353	0.04863	0.06788	0.04352	0.05050	0.01916	0.11764	0.01805	0.01003	0.00683	0.00220	0.00784	0.04296	0.00482	0.04401
1	0.02152	0.04829	0.07657	0.04692	0.04867	0.14456	0.01365	0.04292	0.13896	0.13515	0.01892	0.01967	0.01419	0.00960	0.03324	0.00237	0.00866	0.00615	0.00548	0.16451
2	0.05783	0.13579	0.14455	0.09425	0.02376	0.05443	0.01486	0.06543	0.06710	0.09917	0.11933	0.05190	0.02236	0.00946	0.00704	0.00224	0.00777	0.00759	0.00545	0.00971
3	0.04068	0.27487	0.08976	0.10435	0.05418	0.05722	0.01502	0.08665	0.06065	0.07307	0.06303	0.01928	0.01573	0.00797	0.00644	0.00206	0.00819	0.00608	0.00477	0.01000
4	0.01856	0.07477	0.04307	0.01302	0.01716	0.01456	0.01102	0.13018	0.01858	0.11125	0.02464	0.02737	0.09246	0.04576	0.11516	0.00379	0.07332	0.00760	0.04626	0.11146
5	0.01580	0.01368	0.05252	0.01688	0.09526	0.01204	0.03779	0.07291	0.06838	0.06228	0.12626	0.12461	0.07403	0.01227	0.00790	0.00231	0.00627	0.05622	0.00619	0.13639
6	0.01858	0.01320	0.01648	0.06246	0.02007	0.01215	0.01074	0.09309	0.01783	0.12320	0.01777	0.04610	0.01444	0.01324	0.08813	0.00288	0.02961	0.00636	0.00537	0.38830
7	0.00932	0.00740	0.00840	0.00865	0.01061	0.00648	0.00641	0.01150	0.01731	0.02197	0.19500	0.18331	0.42235	0.01889	0.00896	0.00260	0.00393	0.04335	0.00716	0.00640
8	0.01063	0.00787	0.01149	0.01149	0.01266	0.00904	0.00873	0.01297	0.01180	0.01691	0.02029	0.03141	0.01953	0.13456	0.63213	0.01138	0.01842	0.00828	0.00404	0.00638
9	0.01051	0.00759	0.00992	0.00934	0.01109	0.00700	0.00700	0.01401	0.02101	0.02977	0.68888	0.05545	0.07005	0.01518	0.00876	0.00233	0.00350	0.01343	0.00817	0.00700
10	0.08846	0.01276	0.01677	0.01296	0.01862	0.01133	0.01070	0.03513	0.02062	0.64959	0.02791	0.02431	0.01762	0.00902	0.00726	0.00230	0.00628	0.00721	0.00885	0.01230
11	0.79154	0.01436	0.01091	0.00976	0.01436	0.01665	0.00804	0.02182	0.01263	0.03331	0.01034	0.01206	0.00804	0.00689	0.00459	0.00230	0.00574	0.00402	0.00459	0.00804
12	0.01065	0.00778	0.01106	0.01106	0.01208	0.00880	0.00819	0.01270	0.01167	0.01659	0.02068	0.03359	0.02048	0.21147	0.55651	0.01085	0.01699	0.00860	0.00410	0.00614
13	0.00903	0.00654	0.00854	0.01014	0.01071	0.00605	0.00680	0.01036	0.01441	0.01903	0.04337	0.68691	0.09486	0.02294	0.00943	0.00298	0.00427	0.02072	0.00689	0.00605
14	0.06941	0.01208	0.01562	0.01245	0.01733	0.01101	0.01007	0.03190	0.05603	0.51865	0.10419	0.02921	0.02440	0.04228	0.00881	0.00253	0.00598	0.00817	0.00853	0.01133
15	0.00921	0.00659	0.00877	0.01022	0.01080	0.00614	0.00690	0.01076	0.01500	0.02020	0.11570	0.65591	0.05152	0.02233	0.00939	0.00294	0.00421	0.02022	0.00704	0.00614
16	0.01061	0.00795	0.01193	0.01193	0.01326	0.00928	0.00928	0.01326	0.01193	0.01723	0.01988	0.02916	0.01856	0.05568	0.70968	0.01193	0.01988	0.00795	0.00398	0.00663
17	0.27340	0.41093	0.05374	0.01255	0.01838	0.05160	0.01188	0.05636	0.01558	0.02446	0.01088	0.01247	0.00920	0.00674	0.00501	0.00190	0.00757	0.00422	0.00389	0.00922
18	0.08122	0.01465	0.01923	0.08138	0.10370	0.01613	0.01456	0.16357	0.02033	0.11894	0.02214	0.03431	0.01961	0.01164	0.00983	0.00267	0.09044	0.15979	0.00599	0.00986
19	0.44265	0.22079	0.02364	0.01502	0.05534	0.02054	0.08608	0.02222	0.01412	0.02725	0.01107	0.01328	0.00903	0.00665	0.00527	0.00212	0.00731	0.00469	0.00405	0.00889
20	0.08729	0.53516	0.17129	0.01417	0.02130	0.02577	0.01529	0.02245	0.01499	0.02010	0.01093	0.01269	0.00937	0.00654	0.00522	0.00181	0.00836	0.00428	0.00329	0.00969

[dist]
# distance from previous block
# <min> <max>
0	3

[block]
# block no. 1 follows, 27 sequences, length 15
# corresponding to MSA columns:
# 80-94
name=unknown_B
#
# <colnr> <probs for GDERKNQSTAVLIFYWHMCP>
#	G	D	E	R	K	N	Q	S	T	A	V	L	I	F	Y	W	H	M	C	P
0	0.37672	0.07818	0.01867	0.12435	0.08923	0.05794	0.01276	0.05211	0.01593	0.09318	0.01338	0.01548	0.01012	0.00726	0.00585	0.00223	0.00749	0.00517	0.00471	0.00925
1	0.11506	0.09477	0.55625	0.01898	0.02874	0.01819	0.02370	0.02319	0.01523	0.02426	0.01269	0.01489	0.00924	0.00697	0.00654	0.00228	0.01004	0.00517	0.00333	0.01047
2	0.00930	0.00663	0.00881	0.01027	0.01073	0.00636	0.00687	0.01059	0.01377	0.01846	0.03796	0.62724	0.04508	0.08350	0.06300	0.00401	0.00568	0.01931	0.00648	0.00595
3	0.01880	0.01841	0.13421	0.07202	0.02228	0.06727	0.01425	0.02633	0.14846	0.14824	0.15816	0.05806	0.02774	0.01071	0.00845	0.00241	0.03920	0.00877	0.00637	0.00988
4	0.00924	0.00680	0.00859	0.00993	0.01079	0.00627	0.00686	0.01071	0.01472	0.01915	0.04626	0.54869	0.16303	0.05216	0.01058	0.00312	0.00448	0.05579	0.00679	0.00606
5	0.01919	0.30219	0.02542	0.04172	0.02006	0.02177	0.01221	0.03047	0.32716	0.05824	0.05301	0.02236	0.01902	0.00870	0.00650	0.00213	0.00676	0.00677	0.00577	0.01055
6	0.01570	0.01340	0.01977	0.43442	0.03779	0.01426	0.01609	0.03904	0.01589	0.04965	0.01400	0.01850	0.01069	0.00690	0.00678	0.00200	0.00823	0.00590	0.00403	0.26694
7	0.01862	0.16134	0.42016	0.01998	0.05825	0.06024	0.02193	0.09207	0.01813	0.04385	0.01364	0.01549	0.01014	0.00720	0.00669	0.00217	0.01004	0.00541	0.00383	0.01083
8	0.01889	0.15003	0.02159	0.03493	0.01945	0.01541	0.07463	0.02537	0.13581	0.15875	0.19095	0.03277	0.06932	0.01053	0.00750	0.00225	0.00641	0.00904	0.00667	0.00972
9	0.01377	0.00904	0.01118	0.01001	0.01257	0.00845	0.00770	0.06353	0.02144	0.09479	0.48412	0.05213	0.15297	0.01467	0.00854	0.00235	0.00416	0.01268	0.00803	0.00786
10	0.01963	0.01809	0.13656	0.29388	0.11114	0.01570	0.01905	0.02547	0.05525	0.18428	0.01806	0.02061	0.01280	0.00800	0.00785	0.00240	0.02916	0.00672	0.00498	0.01037
11	0.02995	0.01390	0.01865	0.10965	0.02390	0.01343	0.01269	0.12589	0.02237	0.51114	0.02544	0.02344	0.01639	0.00891	0.00745	0.00231	0.00707	0.00723	0.00813	0.01204
12	0.09287	0.01351	0.01692	0.01331	0.01882	0.01273	0.01092	0.06669	0.08668	0.54558	0.02728	0.02407	0.01768	0.00908	0.00724	0.00232	0.00632	0.00724	0.00857	0.01217
13	0.00983	0.00803	0.01189	0.01184	0.01340	0.00735	0.07217	0.01174	0.01510	0.01966	0.04543	0.52616	0.17782	0.02065	0.00926	0.00286	0.00501	0.01875	0.00658	0.00647
14	0.01476	0.01253	0.01472	0.01093	0.01691	0.00951	0.00861	0.01786	0.01528	0.02367	0.01595	0.08689	0.01479	0.00726	0.00589	0.00129	0.00538	0.00606	0.00465	0.70706

[dist]
# distance from previous block
# <min> <max>
1	3

[block]
# block no. 2 follows, 27 sequences, length 24
# corresponding to MSA columns:
# 98-121
name=unknown_C
#
# <colnr> <probs for GDERKNQSTAVLIFYWHMCP>
#	G	D	E	R	K	N	Q	S	T	A	V	L	I	F	Y	W	H	M	C	P
0	0.16636	0.02085	0.04876	0.01693	0.02255	0.12691	0.08110	0.21341	0.05072	0.15517	0.01760	0.01800	0.01251	0.00809	0.00693	0.00225	0.00868	0.00628	0.00611	0.01078
1	0.01489	0.01315	0.01681	0.05263	0.06070	0.01119	0.03603	0.01952	0.06247	0.02381	0.02303	0.02456	0.10503	0.00785	0.00644	0.00159	0.00601	0.00666	0.00483	0.50279
2	0.00916	0.00672	0.00861	0.00986	0.01070	0.00616	0.00674	0.01076	0.01528	0.02023	0.11324	0.57598	0.13561	0.02183	0.00931	0.00288	0.00415	0.01959	0.00703	0.00616
3	0.01708	0.01348	0.01696	0.01220	0.01876	0.01043	0.04151	0.02049	0.01602	0.08365	0.01471	0.01649	0.01166	0.00586	0.00583	0.00127	0.00592	0.00489	0.00479	0.67800
4	0.00880	0.00741	0.00763	0.00782	0.01010	0.00624	0.00577	0.01062	0.01664	0.01994	0.07162	0.14081	0.62273	0.01927	0.00885	0.00256	0.00382	0.01624	0.00689	0.00624
5	0.02628	0.03240	0.01956	0.01785	0.02145	0.63579	0.01339	0.02835	0.02047	0.01916	0.01281	0.01488	0.01055	0.00775	0.00654	0.00189	0.01235	0.00501	0.08509	0.00843
6	0.00919	0.00754	0.00810	0.00796	0.01028	0.00644	0.00597	0.01146	0.01790	0.02238	0.22206	0.06762	0.54148	0.01793	0.00877	0.00247	0.00370	0.01513	0.00720	0.00644
7	0.01985	0.74357	0.03890	0.01270	0.01905	0.02937	0.01270	0.02223	0.01508	0.01747	0.01032	0.01191	0.00953	0.00635	0.00476	0.00159	0.00794	0.00397	0.00318	0.00953
8	0.01624	0.01624	0.02274	0.01949	0.01949	0.02274	0.01624	0.01787	0.01137	0.01787	0.00975	0.01624	0.00975	0.01299	0.02436	0.00325	0.72552	0.00650	0.00325	0.00812
9	0.01712	0.01767	0.07066	0.40273	0.17512	0.07960	0.01986	0.02171	0.01633	0.05867	0.01643	0.02087	0.03612	0.00778	0.00737	0.00235	0.00964	0.00674	0.00388	0.00936
10	0.02253	0.12461	0.02502	0.11527	0.09931	0.08412	0.04956	0.12866	0.06484	0.13673	0.03928	0.02004	0.01474	0.00830	0.00770	0.00222	0.03439	0.00665	0.00547	0.01056
11	0.12917	0.15509	0.02484	0.21546	0.08436	0.11768	0.04131	0.06865	0.01751	0.06151	0.01338	0.01637	0.01040	0.00727	0.00647	0.00215	0.00913	0.00562	0.00420	0.00942
12	0.01502	0.00806	0.00818	0.00775	0.00983	0.00824	0.00592	0.07063	0.01715	0.02924	0.02369	0.02687	0.01850	0.00867	0.00537	0.00177	0.00385	0.00690	0.71697	0.00739
13	0.01521	0.02015	0.23463	0.01478	0.02045	0.01365	0.01500	0.05012	0.16902	0.05435	0.21827	0.03491	0.08582	0.01120	0.00783	0.00239	0.00677	0.00940	0.00631	0.00975
14	0.01020	0.00758	0.00950	0.00902	0.01090	0.00687	0.00676	0.01342	0.02029	0.02805	0.58054	0.05828	0.17946	0.01582	0.00876	0.00237	0.00355	0.01382	0.00795	0.00687
15	0.79154	0.01436	0.01091	0.00976	0.01436	0.01665	0.00804	0.02182	0.01263	0.03331	0.01034	0.01206	0.00804	0.00689	0.00459	0.00230	0.00574	0.00402	0.00459	0.00804
16	0.02104	0.01713	0.11554	0.25874	0.03252	0.01498	0.04329	0.05841	0.06509	0.23081	0.05258	0.02310	0.01645	0.00850	0.00751	0.00239	0.00838	0.00726	0.00584	0.01045
17	0.01051	0.00759	0.00992	0.00934	0.01109	0.00700	0.00700	0.01401	0.02101	0.02977	0.68888	0.05545	0.07005	0.01518	0.00876	0.00233	0.00350	0.01343	0.00817	0.00700
18	0.01021	0.00683	0.00897	0.01030	0.01112	0.00628	0.00701	0.01162	0.01472	0.05211	0.04245	0.65911	0.08684	0.02230	0.00933	0.00295	0.00437	0.02011	0.00700	0.00637
19	0.02949	0.01459	0.01785	0.01405	0.01948	0.01434	0.01149	0.16797	0.11508	0.44535	0.02684	0.02414	0.01779	0.00923	0.00739	0.00229	0.00654	0.00741	0.03637	0.01230
20	0.00939	0.00735	0.00850	0.00862	0.01051	0.00647	0.00631	0.01169	0.01777	0.02303	0.26953	0.18532	0.37219	0.01842	0.00889	0.00254	0.00377	0.01591	0.00731	0.00647
21	0.01307	0.00830	0.01051	0.00995	0.01215	0.00763	0.00745	0.01654	0.04393	0.10727	0.38834	0.17174	0.14205	0.01617	0.00868	0.00248	0.00411	0.01416	0.00787	0.00759
22	0.02287	0.45482	0.07288	0.01477	0.02075	0.18472	0.01379	0.02558	0.01719	0.09328	0.01287	0.01396	0.01051	0.00701	0.00565	0.00179	0.00921	0.00464	0.00399	0.00974
23	0.02050	0.61520	0.03450	0.01259	0.01846	0.02580	0.01211	0.02285	0.01567	0.08879	0.01446	0.06414	0.01324	0.00784	0.00538	0.00176	0.00751	0.00554	0.00407	0.00961

[dist]
# distance from previous block
# <min> <max>
0	1

[block]
# block no. 3 follows, 27 sequences, length 31
# corresponding to MSA columns:
# 123-153
name=unknown_D
#
# <colnr> <probs for GDERKNQSTAVLIFYWHMCP>
#	G	D	E	R	K	N	Q	S	T	A	V	L	I	F	Y	W	H	M	C	P
0	0.01705	0.15194	0.17172	0.01367	0.02017	0.01532	0.01361	0.02235	0.06147	0.08103	0.06374	0.02289	0.04286	0.04106	0.00783	0.00208	0.00714	0.00644	0.00488	0.23274
1	0.01743	0.01606	0.02300	0.36684	0.17873	0.07614	0.01888	0.02137	0.01585	0.06472	0.01505	0.04821	0.01242	0.00862	0.00921	0.00246	0.08477	0.00709	0.00395	0.00921
2	0.79154	0.01436	0.01091	0.00976	0.01436	0.01665	0.00804	0.02182	0.01263	0.03331	0.01034	0.01206	0.00804	0.00689	0.00459	0.00230	0.00574	0.00402	0.00459	0.00804
3	0.01556	0.01078	0.01328	0.01106	0.01540	0.00869	0.00841	0.01811	0.01576	0.11178	0.02496	0.26653	0.02522	0.01216	0.00714	0.00192	0.00519	0.01061	0.00590	0.41152
4	0.01080	0.00720	0.00810	0.00810	0.00810	0.00720	0.00450	0.01080	0.01080	0.01439	0.02339	0.04858	0.02699	0.73910	0.03779	0.00720	0.00720	0.01080	0.00450	0.00450
5	0.01150	0.00713	0.00782	0.00782	0.00823	0.00713	0.00466	0.01231	0.01190	0.01748	0.02358	0.04373	0.02514	0.56947	0.03022	0.00593	0.00633	0.00990	0.18466	0.00506
6	0.01110	0.00733	0.00961	0.00999	0.01136	0.00672	0.00713	0.01338	0.01744	0.06500	0.29659	0.39377	0.08439	0.01901	0.00904	0.00268	0.00409	0.01700	0.00754	0.00683
7	0.69092	0.01413	0.01175	0.01022	0.01497	0.01589	0.00842	0.02373	0.01378	0.12151	0.01285	0.01381	0.00941	0.00720	0.00498	0.00230	0.00582	0.00448	0.00520	0.00865
8	0.01241	0.01054	0.01583	0.04900	0.21684	0.01023	0.01207	0.01547	0.01728	0.02366	0.21395	0.21473	0.12905	0.01481	0.00846	0.00249	0.00559	0.01333	0.00613	0.00814
9	0.00958	0.00750	0.00867	0.00848	0.01055	0.00660	0.00632	0.01218	0.01868	0.02447	0.35558	0.09403	0.37614	0.01734	0.00880	0.00245	0.00367	0.01488	0.00748	0.00660
10	0.02588	0.02377	0.01945	0.07252	0.02340	0.32204	0.01346	0.09431	0.10933	0.16225	0.04681	0.02043	0.01597	0.00871	0.00718	0.00217	0.00973	0.00651	0.00592	0.01015
11	0.01621	0.00966	0.00994	0.00908	0.01162	0.01021	0.00703	0.10586	0.08420	0.03055	0.02397	0.02637	0.01854	0.00883	0.00572	0.00187	0.00432	0.00703	0.60084	0.00816
12	0.04299	0.01362	0.01833	0.01869	0.16258	0.01173	0.01204	0.02264	0.01721	0.15400	0.07149	0.02109	0.01730	0.00728	0.00651	0.00170	0.00621	0.00619	0.00547	0.38291
13	0.01710	0.01970	0.05937	0.02367	0.02925	0.10746	0.37676	0.03863	0.01811	0.02321	0.06395	0.12302	0.04441	0.00995	0.00848	0.00247	0.01041	0.01032	0.00467	0.00905
14	0.01184	0.00732	0.00980	0.01088	0.01196	0.00683	0.00773	0.01346	0.01508	0.08668	0.03887	0.56717	0.04447	0.05091	0.01052	0.00316	0.00489	0.08472	0.00702	0.00671
15	0.13126	0.01838	0.18340	0.01416	0.01956	0.01320	0.03968	0.02127	0.04254	0.09321	0.09704	0.02771	0.04405	0.10591	0.01167	0.00291	0.03514	0.00763	0.00520	0.08609
16	0.01870	0.08176	0.03989	0.25934	0.05795	0.04744	0.04162	0.04895	0.04139	0.12921	0.05290	0.02634	0.08226	0.00933	0.00792	0.00234	0.03034	0.00775	0.00517	0.00941
17	0.01168	0.00905	0.01057	0.00995	0.01210	0.00897	0.00738	0.01771	0.13806	0.02683	0.40041	0.05246	0.16167	0.08691	0.01143	0.00288	0.00434	0.01263	0.00748	0.00749
18	0.00943	0.00674	0.00906	0.01078	0.01138	0.00636	0.00756	0.01101	0.01459	0.01938	0.04070	0.64793	0.04825	0.02289	0.00958	0.00307	0.00464	0.10361	0.00688	0.00614
19	0.02070	0.02288	0.25681	0.01628	0.02270	0.04277	0.01653	0.14355	0.02023	0.17122	0.02255	0.14043	0.01931	0.03902	0.00880	0.00260	0.00828	0.00894	0.00595	0.01046
20	0.04663	0.07252	0.13842	0.06020	0.02479	0.01835	0.05992	0.16741	0.14692	0.08437	0.01929	0.02073	0.01441	0.01296	0.07708	0.00327	0.00953	0.00685	0.00561	0.01075
21	0.02733	0.01261	0.01619	0.01300	0.01788	0.01182	0.01052	0.06159	0.10916	0.46932	0.13807	0.03025	0.02724	0.01028	0.00769	0.00233	0.00588	0.00854	0.00872	0.01158
22	0.02871	0.01270	0.01890	0.01449	0.01988	0.01118	0.07557	0.03200	0.02085	0.54217	0.11540	0.02875	0.02453	0.00969	0.00777	0.00232	0.00656	0.00839	0.00851	0.01163
23	0.06437	0.18947	0.02546	0.01617	0.02127	0.10116	0.01372	0.34492	0.02513	0.03304	0.01414	0.01549	0.01102	0.00850	0.00835	0.00215	0.08376	0.00568	0.00545	0.01075
24	0.07280	0.08723	0.02160	0.01461	0.02040	0.01523	0.07949	0.09167	0.01880	0.17078	0.04734	0.01953	0.01506	0.00766	0.00727	0.00190	0.03709	0.00618	0.00569	0.25966
25	0.07815	0.08154	0.18910	0.10943	0.02652	0.07424	0.01656	0.02816	0.04551	0.25170	0.01881	0.01922	0.01299	0.00793	0.00687	0.00225	0.00862	0.00614	0.00556	0.01068
26	0.00972	0.00729	0.00822	0.00836	0.00969	0.00664	0.00566	0.01119	0.01529	0.01967	0.15158	0.14796	0.30039	0.24485	0.01797	0.00402	0.00487	0.01449	0.00634	0.00580
27	0.01080	0.00720	0.00810	0.00810	0.00810	0.00720	0.00450	0.01080	0.01080	0.01439	0.02339	0.04858	0.02699	0.73910	0.03779	0.00720	0.00720	0.01080	0.00450	0.00450
28	0.36563	0.07439	0.20497	0.01423	0.02097	0.01784	0.01465	0.09172	0.01685	0.09702	0.01383	0.01497	0.01003	0.00734	0.00587	0.00225	0.00766	0.00504	0.00484	0.00990
29	0.01895	0.07040	0.12680	0.18990	0.02866	0.16455	0.01627	0.06795	0.01836	0.06667	0.04824	0.11388	0.01839	0.01001	0.00736	0.00231	0.00929	0.00815	0.00476	0.00909
30	0.01793	0.06148	0.02205	0.20233	0.21742	0.01495	0.01634	0.04095	0.01689	0.11668	0.02111	0.11150	0.01924	0.03579	0.00873	0.00260	0.00793	0.05142	0.00507	0.00959

[dist]
# distance from previous block
# <min> <max>
1	4

[block]
# block no. 4 follows, 27 sequences, length 32
# corresponding to MSA columns:
# 175-206
name=unknown_E
#
# <colnr> <probs for GDERKNQSTAVLIFYWHMCP>
#	G	D	E	R	K	N	Q	S	T	A	V	L	I	F	Y	W	H	M	C	P
0	0.15446	0.01650	0.01657	0.01506	0.06773	0.10071	0.01097	0.09967	0.01951	0.09340	0.11941	0.02224	0.02042	0.00836	0.00655	0.00193	0.00687	0.00651	0.00572	0.20740
1	0.00912	0.00657	0.00865	0.01017	0.01076	0.00610	0.00685	0.01057	0.01472	0.01964	0.08123	0.66838	0.07452	0.02260	0.00941	0.00295	0.00424	0.02044	0.00697	0.00610
2	0.02413	0.01856	0.02089	0.01877	0.08045	0.02056	0.01394	0.37141	0.25712	0.06119	0.02218	0.02156	0.01623	0.00912	0.00747	0.00233	0.00737	0.00730	0.00720	0.01224
3	0.01549	0.04347	0.17623	0.26542	0.08663	0.01599	0.01872	0.02239	0.08142	0.02267	0.01488	0.01835	0.01142	0.00710	0.00685	0.00211	0.00867	0.00598	0.00394	0.17227
4	0.06208	0.08621	0.28643	0.12877	0.02902	0.01728	0.05099	0.02303	0.09176	0.02387	0.06619	0.04934	0.01715	0.00876	0.00759	0.00238	0.02793	0.00719	0.00432	0.00971
5	0.01513	0.07270	0.66845	0.02075	0.03149	0.01783	0.02671	0.02345	0.01564	0.02322	0.01318	0.01549	0.00941	0.00702	0.00694	0.00231	0.01082	0.00541	0.00314	0.01090
6	0.01558	0.01503	0.02622	0.46797	0.24197	0.01701	0.06929	0.02047	0.01566	0.02091	0.01356	0.01939	0.01055	0.00709	0.00750	0.00240	0.00977	0.00676	0.00345	0.00943
7	0.01028	0.00684	0.00895	0.01016	0.01080	0.00640	0.00678	0.01158	0.01437	0.04624	0.06386	0.60030	0.04614	0.10455	0.01262	0.00344	0.00469	0.01907	0.00676	0.00616
8	0.00904	0.00646	0.00861	0.01034	0.01077	0.00603	0.00689	0.01034	0.01421	0.01895	0.04092	0.73426	0.04910	0.02326	0.00948	0.00301	0.00431	0.02110	0.00689	0.00603
9	0.01045	0.00781	0.01161	0.01178	0.01301	0.00896	0.00905	0.01297	0.01215	0.01740	0.02194	0.09801	0.02154	0.05251	0.64131	0.01106	0.01836	0.00924	0.00426	0.00657
10	0.00911	0.00661	0.00860	0.01005	0.01073	0.00611	0.00680	0.01058	0.01484	0.01969	0.08273	0.63946	0.10247	0.02241	0.00938	0.00293	0.00421	0.02020	0.00697	0.00611
11	0.00952	0.00743	0.00863	0.00859	0.01055	0.00654	0.00634	0.01199	0.01829	0.02391	0.32299	0.14092	0.36208	0.01783	0.00885	0.00249	0.00372	0.01537	0.00742	0.00654
12	0.02201	0.01771	0.01878	0.01582	0.02065	0.02012	0.01261	0.26757	0.44550	0.03676	0.02572	0.02411	0.01902	0.00965	0.00751	0.00241	0.00671	0.00777	0.00751	0.01207
13	0.02773	0.03538	0.02104	0.01913	0.02295	0.70930	0.01434	0.02964	0.02104	0.01817	0.01148	0.01339	0.00956	0.00765	0.00669	0.00191	0.01339	0.00478	0.00383	0.00861
14	0.01052	0.00786	0.01132	0.01132	0.01258	0.00891	0.00861	0.01287	0.01209	0.01711	0.02324	0.03336	0.05596	0.12040	0.60588	0.01096	0.01777	0.00865	0.00419	0.00640
15	0.00919	0.00657	0.00874	0.01024	0.01080	0.00612	0.00690	0.01070	0.01488	0.02001	0.10419	0.66798	0.05115	0.02247	0.00941	0.00295	0.00423	0.02035	0.00702	0.00612
16	0.01539	0.01319	0.01539	0.01100	0.01759	0.00990	0.00880	0.01869	0.01539	0.02419	0.01319	0.01539	0.01100	0.00550	0.00550	0.00110	0.00550	0.00440	0.00440	0.78449
17	0.02822	0.02079	0.02228	0.01708	0.02302	0.02302	0.01411	0.66804	0.03490	0.04679	0.01782	0.01782	0.01262	0.00891	0.00743	0.00223	0.00817	0.00668	0.00743	0.01262
18	0.01527	0.00857	0.01111	0.01000	0.01241	0.00777	0.00751	0.01808	0.01945	0.17134	0.40924	0.08622	0.09087	0.08523	0.01135	0.00285	0.00453	0.01244	0.00789	0.00788
19	0.02822	0.02079	0.02228	0.01708	0.02302	0.02302	0.01411	0.66804	0.03490	0.04679	0.01782	0.01782	0.01262	0.00891	0.00743	0.00223	0.00817	0.00668	0.00743	0.01262
20	0.00904	0.00646	0.00861	0.01034	0.01077	0.00603	0.00689	0.01034	0.01421	0.01895	0.04092	0.73426	0.04910	0.02326	0.00948	0.00301	0.00431	0.02110	0.00689	0.00603
21	0.02871	0.02001	0.02180	0.01671	0.02263	0.02186	0.01380	0.60765	0.03360	0.10902	0.01892	0.01853	0.01317	0.00894	0.00743	0.00223	0.00799	0.00676	0.00759	0.01263
22	0.02512	0.01925	0.02053	0.01645	0.02184	0.02157	0.01336	0.46823	0.23977	0.04179	0.02176	0.02096	0.01582	0.00928	0.00747	0.00232	0.00744	0.00723	0.00747	0.01235
23	0.01445	0.01343	0.02245	0.53237	0.16059	0.01577	0.01967	0.01916	0.01581	0.02096	0.07931	0.02302	0.01610	0.00804	0.00754	0.00241	0.00908	0.00727	0.00384	0.00875
24	0.01474	0.01397	0.02339	0.59163	0.13907	0.01697	0.02070	0.01944	0.01496	0.01965	0.01313	0.01942	0.01015	0.00759	0.00827	0.00248	0.04579	0.00659	0.00335	0.00873
25	0.01026	0.05579	0.01153	0.05470	0.01375	0.00838	0.00800	0.01205	0.01499	0.01981	0.10156	0.51870	0.07759	0.04456	0.00990	0.00294	0.00489	0.01769	0.00646	0.00645
26	0.16926	0.11383	0.17862	0.01588	0.04319	0.01670	0.03275	0.07129	0.01753	0.16764	0.01893	0.09025	0.01546	0.00913	0.00670	0.00229	0.00768	0.00723	0.00542	0.01019
27	0.04434	0.08883	0.11206	0.08585	0.06145	0.01624	0.05391	0.07415	0.01709	0.04685	0.01375	0.01641	0.01081	0.00684	0.00710	0.00185	0.03791	0.00546	0.00429	0.29481
28	0.39806	0.14207	0.08425	0.01244	0.01817	0.08355	0.01142	0.02233	0.01455	0.02689	0.01115	0.01300	0.00901	0.00668	0.00519	0.00197	0.00731	0.00428	0.00411	0.12356
29	0.01697	0.09184	0.51126	0.01926	0.02863	0.01702	0.04505	0.02409	0.01658	0.09124	0.05705	0.01897	0.01418	0.00769	0.00707	0.00229	0.00984	0.00617	0.00408	0.01074
30	0.01633	0.07440	0.20116	0.06745	0.05011	0.01622	0.01642	0.02354	0.11420	0.05677	0.07745	0.02378	0.04491	0.00911	0.00867	0.00225	0.07562	0.00708	0.00488	0.10966
31	0.02019	0.01282	0.01592	0.01194	0.01764	0.01064	0.00965	0.02330	0.01722	0.21528	0.06225	0.02088	0.01693	0.00756	0.00722	0.00163	0.04187	0.00597	0.00595	0.47513

[dist]
# distance from previous block
# <min> <max>
0	1

[block]
# block no. 5 follows, 27 sequences, length 55
# corresponding to MSA columns:
# 208-262
name=unknown_F
#
# <colnr> <probs for GDERKNQSTAVLIFYWHMCP>
#	G	D	E	R	K	N	Q	S	T	A	V	L	I	F	Y	W	H	M	C	P
0	0.14016	0.58890	0.03351	0.01262	0.01855	0.06716	0.01207	0.02260	0.01505	0.01997	0.01039	0.01202	0.00930	0.00651	0.00485	0.00172	0.00792	0.00402	0.00343	0.00924
1	0.10356	0.12414	0.18914	0.07215	0.10425	0.06635	0.05299	0.06143	0.04153	0.04286	0.01391	0.01626	0.01073	0.00708	0.00653	0.00212	0.00902	0.00561	0.00412	0.06622
2	0.01941	0.10332	0.02015	0.06351	0.02158	0.08332	0.01260	0.07803	0.41022	0.02846	0.06260	0.02489	0.02108	0.00944	0.00720	0.00232	0.00711	0.00759	0.00643	0.01074
3	0.01026	0.00739	0.00968	0.01155	0.04964	0.00715	0.00691	0.01124	0.01307	0.01753	0.03268	0.43188	0.03852	0.29426	0.02011	0.00456	0.00567	0.01634	0.00579	0.00578
4	0.01043	0.00704	0.00821	0.00857	0.00866	0.00695	0.00500	0.01070	0.01151	0.01535	0.02706	0.19206	0.03162	0.58931	0.03186	0.00632	0.00659	0.01295	0.00500	0.00482
5	0.02742	0.01461	0.05673	0.01370	0.01910	0.01265	0.01175	0.11189	0.05911	0.44141	0.12384	0.02834	0.02495	0.00996	0.00763	0.00231	0.00638	0.00818	0.00837	0.01166
6	0.01624	0.01624	0.02274	0.01949	0.01949	0.02274	0.01624	0.01787	0.01137	0.01787	0.00975	0.01624	0.00975	0.01299	0.02436	0.00325	0.72552	0.00650	0.00325	0.00812
7	0.01051	0.00759	0.00992	0.00934	0.01109	0.00700	0.00700	0.01401	0.02101	0.02977	0.68888	0.05545	0.07005	0.01518	0.00876	0.00233	0.00350	0.01343	0.00817	0.00700
8	0.03266	0.01367	0.01787	0.01370	0.01947	0.01245	0.01132	0.11664	0.02299	0.61502	0.02783	0.02432	0.01764	0.00915	0.00746	0.00229	0.00655	0.00737	0.00896	0.01263
9	0.00904	0.00646	0.00861	0.01034	0.01077	0.00603	0.00689	0.01034	0.01421	0.01895	0.04092	0.73426	0.04910	0.02326	0.00948	0.00301	0.00431	0.02110	0.00689	0.00603
10	0.01384	0.00692	0.00692	0.00692	0.00865	0.00692	0.00519	0.01730	0.01557	0.02768	0.02422	0.02768	0.01903	0.00865	0.00519	0.00173	0.00346	0.00692	0.78031	0.00692
11	0.01838	0.01170	0.06961	0.01211	0.01572	0.00909	0.01034	0.02168	0.01911	0.25179	0.24547	0.17019	0.04183	0.01435	0.00842	0.00252	0.00545	0.05542	0.00777	0.00904
12	0.00904	0.00711	0.00817	0.00879	0.01041	0.00624	0.00625	0.01083	0.01623	0.02050	0.11732	0.32975	0.38260	0.02022	0.00905	0.00269	0.00395	0.01760	0.00701	0.00624
13	0.79154	0.01436	0.01091	0.00976	0.01436	0.01665	0.00804	0.02182	0.01263	0.03331	0.01034	0.01206	0.00804	0.00689	0.00459	0.00230	0.00574	0.00402	0.00459	0.00804
14	0.01493	0.01412	0.02391	0.58010	0.18518	0.01673	0.02107	0.01976	0.01527	0.02007	0.01336	0.01950	0.01029	0.00725	0.00741	0.00242	0.00967	0.00660	0.00338	0.00898
15	0.01402	0.01319	0.02227	0.72126	0.05113	0.01649	0.02062	0.01897	0.01484	0.01897	0.01319	0.01979	0.00990	0.00742	0.00742	0.00247	0.00990	0.00660	0.00330	0.00825
16	0.01108	0.01257	0.10941	0.01273	0.01597	0.00900	0.05519	0.01471	0.01755	0.02400	0.26346	0.21535	0.14331	0.01620	0.00877	0.00260	0.00559	0.04851	0.00658	0.00742
17	0.79154	0.01436	0.01091	0.00976	0.01436	0.01665	0.00804	0.02182	0.01263	0.03331	0.01034	0.01206	0.00804	0.00689	0.00459	0.00230	0.00574	0.00402	0.00459	0.00804
18	0.01846	0.01595	0.01679	0.01511	0.01930	0.01846	0.01175	0.03945	0.67938	0.03105	0.03022	0.02770	0.02266	0.01007	0.00755	0.00252	0.00588	0.00839	0.00755	0.01175
19	0.00911	0.00753	0.00798	0.00787	0.01023	0.00641	0.00590	0.01130	0.01771	0.02193	0.19366	0.06836	0.57015	0.01810	0.00877	0.00247	0.00371	0.01523	0.00714	0.00641
20	0.01397	0.00835	0.01103	0.00993	0.01228	0.00760	0.00760	0.01737	0.02105	0.13113	0.58882	0.05087	0.06221	0.01427	0.00856	0.00233	0.00393	0.01252	0.00833	0.00786
21	0.01832	0.01744	0.01599	0.01453	0.01842	0.11509	0.01119	0.03368	0.48505	0.02755	0.03437	0.03229	0.12200	0.01105	0.00762	0.00243	0.00663	0.00898	0.00692	0.01047
22	0.01061	0.00795	0.01193	0.01193	0.01326	0.00928	0.00928	0.01326	0.01193	0.01723	0.01988	0.02916	0.01856	0.05568	0.70968	0.01193	0.01988	0.00795	0.00398	0.00663
23	0.08390	0.68304	0.03658	0.01246	0.01866	0.02832	0.01232	0.02220	0.01488	0.01878	0.01032	0.01192	0.00940	0.00640	0.00475	0.00165	0.00776	0.00397	0.00329	0.00940
24	0.01894	0.01301	0.06055	0.01235	0.01625	0.01144	0.01029	0.05988	0.13493	0.19942	0.13679	0.10880	0.08020	0.04894	0.00936	0.00265	0.00570	0.01058	0.05035	0.00957
25	0.03990	0.05337	0.01911	0.04003	0.02108	0.01987	0.01252	0.17167	0.46833	0.03337	0.02547	0.02413	0.01904	0.00946	0.00731	0.00240	0.00661	0.00763	0.00708	0.01161
26	0.01661	0.01068	0.01338	0.01121	0.01544	0.00878	0.00867	0.01932	0.01673	0.15155	0.08040	0.21211	0.02848	0.01223	0.00736	0.00202	0.00523	0.03390	0.00637	0.33954
27	0.01881	0.23192	0.38666	0.01802	0.02674	0.02173	0.02078	0.14594	0.01917	0.02626	0.01334	0.01503	0.01005	0.00721	0.00648	0.00211	0.00959	0.00529	0.00396	0.01088
28	0.10699	0.02095	0.09830	0.01787	0.06767	0.10612	0.01471	0.16152	0.02171	0.24698	0.01874	0.01877	0.01304	0.00846	0.00785	0.00228	0.04437	0.00626	0.00627	0.01115
29	0.02845	0.01220	0.01596	0.01262	0.01758	0.01108	0.01028	0.06734	0.04211	0.51524	0.11680	0.02911	0.02515	0.00997	0.00752	0.00227	0.00587	0.00822	0.05069	0.01154
30	0.00957	0.00747	0.00870	0.00868	0.01066	0.00660	0.00647	0.01208	0.01829	0.02387	0.31491	0.12861	0.36507	0.01783	0.00887	0.00251	0.00379	0.03206	0.00740	0.00655
31	0.08792	0.08316	0.18945	0.01611	0.02298	0.01624	0.04801	0.09640	0.03613	0.27221	0.02064	0.04578	0.01480	0.00859	0.00703	0.00228	0.00799	0.00690	0.00620	0.01118
32	0.01662	0.01285	0.01516	0.01137	0.01734	0.01022	0.00901	0.02078	0.05463	0.08016	0.01743	0.06632	0.01491	0.00729	0.00605	0.00141	0.00551	0.00603	0.00515	0.62176
33	0.01080	0.00720	0.00810	0.00810	0.00810	0.00720	0.00450	0.01080	0.01080	0.01439	0.02339	0.04858	0.02699	0.73910	0.03779	0.00720	0.00720	0.01080	0.00450	0.00450
34	0.01565	0.07661	0.07132	0.42457	0.15131	0.01827	0.02009	0.02115	0.04842	0.02058	0.01375	0.01881	0.01078	0.00763	0.00816	0.00239	0.05127	0.00639	0.00355	0.00930
35	0.05978	0.10247	0.02261	0.19047	0.10442	0.05844	0.01549	0.02073	0.01515	0.06691	0.05121	0.02098	0.01483	0.03910	0.03813	0.00297	0.15665	0.00667	0.00417	0.00882
36	0.00904	0.00646	0.00861	0.01034	0.01077	0.00603	0.00689	0.01034	0.01421	0.01895	0.04092	0.73426	0.04910	0.02326	0.00948	0.00301	0.00431	0.02110	0.00689	0.00603
37	0.08327	0.05422	0.02145	0.01580	0.02157	0.02123	0.01313	0.48997	0.05434	0.12308	0.01877	0.01839	0.01321	0.00872	0.00710	0.00222	0.00767	0.00652	0.00723	0.01211
38	0.01903	0.07616	0.01802	0.01413	0.06880	0.01200	0.01053	0.02219	0.01670	0.15625	0.01926	0.04850	0.01600	0.00805	0.00636	0.00170	0.00604	0.04131	0.04774	0.39125
39	0.04054	0.09759	0.16825	0.05432	0.02426	0.03850	0.06155	0.06286	0.04108	0.16640	0.09056	0.02248	0.01879	0.00837	0.00706	0.00215	0.00806	0.00691	0.00557	0.07469
40	0.02308	0.01814	0.06569	0.01665	0.05703	0.01774	0.01346	0.35470	0.08116	0.09780	0.06278	0.02629	0.07351	0.00994	0.00749	0.00227	0.00717	0.00795	0.04589	0.01126
41	0.01652	0.01543	0.02533	0.38849	0.31506	0.01729	0.02094	0.04579	0.04086	0.02265	0.01431	0.01942	0.01124	0.00724	0.00740	0.00235	0.00924	0.00667	0.00377	0.01000
42	0.07562	0.11152	0.27460	0.09268	0.02865	0.04421	0.06336	0.05770	0.03982	0.12022	0.01585	0.01749	0.01139	0.00746	0.00684	0.00225	0.00934	0.00596	0.00456	0.01049
43	0.05623	0.02165	0.19141	0.14439	0.06989	0.04223	0.11893	0.05643	0.03935	0.10845	0.02042	0.02251	0.05849	0.00825	0.00747	0.00237	0.00935	0.00726	0.00476	0.01015
44	0.01302	0.00770	0.01005	0.01035	0.01202	0.00696	0.00741	0.01496	0.01663	0.12640	0.14297	0.45414	0.10990	0.01938	0.00898	0.00275	0.00444	0.01726	0.00745	0.00723
45	0.01027	0.00828	0.01183	0.17200	0.02006	0.00872	0.01003	0.01259	0.01458	0.01898	0.03805	0.41261	0.13463	0.02167	0.06702	0.00355	0.00679	0.01588	0.00583	0.00662
46	0.02127	0.01720	0.07651	0.25467	0.03150	0.01695	0.01619	0.23787	0.02291	0.13022	0.04560	0.02395	0.05411	0.00910	0.00753	0.00235	0.00828	0.00745	0.00593	0.01043
47	0.01561	0.11252	0.29860	0.04313	0.02521	0.03558	0.06348	0.02229	0.07215	0.04414	0.02384	0.11870	0.07283	0.01043	0.00742	0.00238	0.00866	0.00882	0.00460	0.00962
48	0.08099	0.01251	0.01630	0.01284	0.01805	0.01143	0.01053	0.05604	0.02066	0.55558	0.06368	0.02600	0.02035	0.01189	0.04566	0.00282	0.00693	0.00756	0.00848	0.01169
49	0.02124	0.01515	0.05649	0.10345	0.08300	0.03932	0.06103	0.02645	0.07316	0.25050	0.07097	0.05050	0.05404	0.01232	0.04603	0.00289	0.00826	0.00854	0.00638	0.01027
50	0.01843	0.08722	0.39274	0.07624	0.02842	0.05412	0.02073	0.02451	0.01698	0.12897	0.04305	0.02075	0.03954	0.00815	0.00707	0.00227	0.00947	0.00642	0.00448	0.01043
51	0.02683	0.01572	0.07383	0.01445	0.02003	0.01374	0.01256	0.06908	0.17231	0.41536	0.02703	0.02484	0.01831	0.01178	0.04640	0.00288	0.00746	0.00750	0.00792	0.01196
52	0.01741	0.13084	0.35774	0.06092	0.11019	0.01882	0.07670	0.02459	0.05237	0.06034	0.01492	0.01724	0.01111	0.00714	0.00698	0.00225	0.00982	0.00601	0.00384	0.01077
53	0.05913	0.04107	0.06167	0.06073	0.05174	0.01213	0.01133	0.05789	0.06313	0.10370	0.05376	0.23933	0.06373	0.01353	0.00770	0.00247	0.00602	0.01164	0.07055	0.00873
54	0.07268	0.01483	0.06327	0.07616	0.07973	0.03843	0.01310	0.02540	0.11649	0.18435	0.05082	0.16028	0.02476	0.01191	0.00775	0.00251	0.00685	0.03445	0.00647	0.00979

[dist]
# distance from previous block
# <min> <max>
5	10

[block]
# block no. 6 follows, 27 sequences, length 55
# corresponding to MSA columns:
# 276-330
name=unknown_G
#
# <colnr> <probs for GDERKNQSTAVLIFYWHMCP>
#	G	D	E	R	K	N	Q	S	T	A	V	L	I	F	Y	W	H	M	C	P
0	0.01284	0.01040	0.01261	0.01051	0.01460	0.00835	0.00797	0.01567	0.01619	0.02395	0.15193	0.20506	0.03215	0.01188	0.00714	0.00182	0.00481	0.01038	0.00576	0.43598
1	0.19068	0.05170	0.09728	0.01541	0.02154	0.04594	0.01385	0.33908	0.05090	0.03691	0.01534	0.01616	0.01132	0.00795	0.00652	0.00216	0.00790	0.00571	0.00583	0.05785
2	0.01877	0.05006	0.22731	0.16720	0.11167	0.01598	0.01940	0.02489	0.04961	0.15121	0.05858	0.02159	0.01590	0.00826	0.00773	0.00235	0.02726	0.00683	0.00492	0.01048
3	0.04453	0.10984	0.28084	0.07843	0.02753	0.04356	0.04406	0.05127	0.01712	0.10062	0.01485	0.01670	0.01089	0.00708	0.00662	0.00206	0.00904	0.00557	0.00431	0.12505
4	0.02420	0.01974	0.19680	0.01781	0.07493	0.01357	0.01599	0.03050	0.08626	0.35462	0.04430	0.04988	0.01865	0.00922	0.00747	0.00235	0.00753	0.00766	0.00688	0.01162
5	0.00918	0.00693	0.00854	0.00976	0.01090	0.00629	0.00690	0.01081	0.01522	0.01952	0.05083	0.49165	0.23607	0.02175	0.00933	0.00290	0.00434	0.06604	0.00689	0.00616
6	0.04629	0.01484	0.01597	0.01391	0.01818	0.01650	0.01096	0.08698	0.44531	0.11693	0.02775	0.02606	0.02040	0.00960	0.00716	0.00237	0.00584	0.00782	0.09588	0.01126
7	0.01757	0.01479	0.02478	0.39483	0.14534	0.01672	0.08027	0.02278	0.04360	0.09822	0.01582	0.02032	0.01181	0.00784	0.00859	0.00246	0.05341	0.00697	0.00425	0.00961
8	0.02075	0.01114	0.01369	0.01171	0.01541	0.01090	0.00923	0.02786	0.16501	0.26764	0.23362	0.03544	0.03543	0.01118	0.00763	0.00229	0.00502	0.00946	0.09655	0.01004
9	0.00904	0.00646	0.00861	0.01034	0.01077	0.00603	0.00689	0.01034	0.01421	0.01895	0.04092	0.73426	0.04910	0.02326	0.00948	0.00301	0.00431	0.02110	0.00689	0.00603
10	0.00968	0.00685	0.00905	0.01057	0.01115	0.00654	0.00737	0.01114	0.01425	0.01891	0.03868	0.55972	0.04563	0.10458	0.01282	0.00355	0.00501	0.11192	0.00661	0.00597
11	0.14395	0.01836	0.02110	0.01971	0.12031	0.01980	0.01408	0.39806	0.02720	0.11953	0.01748	0.01792	0.01249	0.00830	0.00699	0.00224	0.00767	0.00636	0.00665	0.01180
12	0.01834	0.01666	0.02185	0.02146	0.12118	0.01838	0.08806	0.03519	0.50580	0.02922	0.02608	0.02544	0.01975	0.00912	0.00766	0.00247	0.00707	0.00817	0.00655	0.01155
13	0.02998	0.01183	0.01588	0.01245	0.01734	0.01036	0.00996	0.03242	0.01970	0.59680	0.02842	0.02872	0.01965	0.11719	0.01195	0.00302	0.00645	0.00796	0.00849	0.01143
14	0.00995	0.00740	0.00926	0.00915	0.01084	0.00671	0.00673	0.01280	0.01917	0.02623	0.47106	0.16425	0.18481	0.01713	0.00887	0.00247	0.00368	0.01505	0.00773	0.00671
15	0.02603	0.03255	0.02129	0.01918	0.02244	0.60771	0.01462	0.02790	0.01961	0.01812	0.01122	0.01381	0.00959	0.00844	0.00931	0.00211	0.11876	0.00504	0.00374	0.00853
16	0.13935	0.02834	0.01897	0.01699	0.02112	0.45619	0.01300	0.07129	0.12193	0.02424	0.01460	0.01568	0.01155	0.00799	0.00656	0.00208	0.01076	0.00535	0.00475	0.00927
17	0.01692	0.01221	0.01378	0.01423	0.01677	0.08890	0.01208	0.02009	0.01816	0.12174	0.03465	0.06706	0.03534	0.01736	0.00943	0.00308	0.00751	0.47597	0.00684	0.00790
18	0.01012	0.00710	0.00919	0.01046	0.01105	0.00687	0.00734	0.01153	0.01393	0.01845	0.03598	0.41624	0.04195	0.21032	0.01706	0.00420	0.00560	0.15056	0.00625	0.00580
19	0.00934	0.00668	0.00887	0.01014	0.01083	0.00622	0.00691	0.01107	0.01557	0.02110	0.16982	0.59922	0.05327	0.02165	0.00933	0.00288	0.00415	0.01958	0.00715	0.00622
20	0.01486	0.09652	0.02415	0.45460	0.09109	0.01697	0.04573	0.01931	0.01548	0.01989	0.01687	0.02825	0.01491	0.00912	0.00759	0.00249	0.00925	0.10053	0.00386	0.00853
21	0.02029	0.70365	0.03789	0.01306	0.01927	0.06770	0.01279	0.02265	0.01542	0.01751	0.01039	0.01199	0.00953	0.00642	0.00487	0.00161	0.00825	0.00402	0.00321	0.00947
22	0.01447	0.01365	0.02308	0.65166	0.11723	0.01661	0.02084	0.01936	0.01506	0.01951	0.01327	0.01965	0.01009	0.00734	0.00741	0.00245	0.00979	0.00660	0.00334	0.00861
23	0.12811	0.00762	0.00985	0.00968	0.01036	0.00796	0.00668	0.01147	0.01011	0.01592	0.01252	0.02101	0.01218	0.02299	0.02540	0.66834	0.00634	0.00609	0.00343	0.00394
24	0.01972	0.14131	0.15136	0.15433	0.02958	0.05957	0.04223	0.16214	0.11808	0.02741	0.01622	0.01813	0.01225	0.00785	0.00695	0.00223	0.00911	0.00622	0.00480	0.01050
25	0.01155	0.01137	0.08828	0.01120	0.01375	0.00886	0.00939	0.01634	0.08362	0.02348	0.12039	0.33458	0.09185	0.01650	0.00822	0.00257	0.00495	0.01450	0.12113	0.00745
26	0.00988	0.00726	0.00925	0.00940	0.01087	0.00664	0.00681	0.01255	0.01857	0.02548	0.42821	0.25180	0.13989	0.01793	0.00896	0.00255	0.00376	0.01590	0.00765	0.00664
27	0.02627	0.01605	0.02164	0.10134	0.15181	0.01649	0.01520	0.20730	0.04955	0.28514	0.02139	0.02136	0.01472	0.00846	0.00743	0.00229	0.00770	0.00702	0.00691	0.01193
28	0.01658	0.02410	0.27113	0.17602	0.15932	0.01762	0.02161	0.05217	0.13955	0.02504	0.01674	0.01940	0.01255	0.00769	0.00730	0.00238	0.00927	0.00653	0.00427	0.01074
29	0.01442	0.01397	0.02473	0.64249	0.04972	0.01675	0.09428	0.01952	0.01515	0.01952	0.01340	0.01982	0.01005	0.00729	0.00757	0.00248	0.01020	0.00684	0.00335	0.00845
30	0.01452	0.01370	0.02316	0.64412	0.12439	0.01662	0.02086	0.01940	0.01508	0.01957	0.01328	0.01963	0.01011	0.00733	0.00741	0.00244	0.00977	0.00660	0.00334	0.00865
31	0.01470	0.01738	0.12336	0.48874	0.14100	0.01644	0.02158	0.02005	0.01536	0.02055	0.01442	0.02166	0.01148	0.00780	0.00748	0.00246	0.00977	0.03319	0.00348	0.00911
32	0.01503	0.02150	0.22794	0.02091	0.02727	0.01507	0.20096	0.02272	0.09228	0.02392	0.02369	0.06657	0.02183	0.01137	0.00853	0.00272	0.00946	0.17380	0.00494	0.00950
33	0.03331	0.01263	0.01723	0.01321	0.01895	0.01091	0.01091	0.03618	0.02125	0.69794	0.02929	0.02527	0.01838	0.00919	0.00747	0.00230	0.00632	0.00747	0.00919	0.01263
34	0.59125	0.09735	0.01504	0.01061	0.01557	0.01726	0.00900	0.02399	0.01419	0.12984	0.01314	0.01400	0.00974	0.00717	0.00504	0.00222	0.00608	0.00452	0.00511	0.00889
35	0.00903	0.00753	0.00788	0.00779	0.01018	0.00638	0.00584	0.01115	0.01753	0.02149	0.16601	0.06908	0.59808	0.01826	0.00877	0.00248	0.00372	0.01534	0.00708	0.00638
36	0.02386	0.01634	0.05661	0.04294	0.02125	0.01598	0.01313	0.27467	0.04962	0.20130	0.05034	0.02572	0.01858	0.01647	0.11149	0.00376	0.00933	0.03067	0.00697	0.01099
37	0.67852	0.01747	0.01241	0.01115	0.01563	0.11914	0.00897	0.02298	0.01388	0.03107	0.01051	0.01226	0.00827	0.00700	0.00490	0.00224	0.00687	0.00413	0.00448	0.00812
38	0.01822	0.01584	0.02360	0.01896	0.02151	0.01900	0.09403	0.02080	0.01385	0.09717	0.01313	0.01761	0.01110	0.01063	0.01773	0.00273	0.44961	0.00657	0.00416	0.12374
39	0.01700	0.01511	0.01953	0.02335	0.22237	0.01633	0.01425	0.03002	0.37515	0.02759	0.05342	0.05737	0.07514	0.01043	0.00771	0.00244	0.00645	0.00912	0.00632	0.01092
40	0.01061	0.00795	0.01193	0.01193	0.01326	0.00928	0.00928	0.01326	0.01193	0.01723	0.01988	0.02916	0.01856	0.05568	0.70968	0.01193	0.01988	0.00795	0.00398	0.00663
41	0.00904	0.00646	0.00861	0.01034	0.01077	0.00603	0.00689	0.01034	0.01421	0.01895	0.04092	0.73426	0.04910	0.02326	0.00948	0.00301	0.00431	0.02110	0.00689	0.00603
42	0.01752	0.02003	0.04380	0.03129	0.03880	0.01877	0.66583	0.02378	0.01752	0.02378	0.01502	0.02003	0.01126	0.00626	0.00876	0.00250	0.01252	0.00876	0.00375	0.01001
43	0.03331	0.01263	0.01723	0.01321	0.01895	0.01091	0.01091	0.03618	0.02125	0.69794	0.02929	0.02527	0.01838	0.00919	0.00747	0.00230	0.00632	0.00747	0.00919	0.01263
44	0.02815	0.02295	0.02210	0.01738	0.02301	0.12457	0.01414	0.57358	0.03285	0.04255	0.01688	0.01717	0.01217	0.00872	0.00732	0.00218	0.00894	0.00640	0.00689	0.01203
45	0.02204	0.02097	0.23050	0.01565	0.02227	0.01413	0.01585	0.07714	0.09839	0.26006	0.12074	0.02644	0.02325	0.00949	0.00753	0.00234	0.00745	0.00777	0.00682	0.01118
46	0.04486	0.01424	0.01906	0.07247	0.18277	0.04319	0.03775	0.07512	0.09409	0.02680	0.15847	0.05896	0.02735	0.03871	0.00967	0.03504	0.00705	0.00893	0.03629	0.00918
47	0.01226	0.01220	0.08860	0.01074	0.01320	0.01002	0.00872	0.01716	0.11692	0.02010	0.05726	0.04369	0.12346	0.35283	0.04747	0.00499	0.00708	0.01038	0.03603	0.00690
48	0.33676	0.01472	0.01647	0.01601	0.09756	0.01521	0.02785	0.02581	0.11346	0.11140	0.01665	0.01753	0.01251	0.00735	0.00598	0.00211	0.00633	0.00559	0.00543	0.14529
49	0.00914	0.00709	0.00817	0.00890	0.01034	0.00631	0.00625	0.01073	0.01550	0.01951	0.07267	0.34022	0.35147	0.07080	0.01112	0.00306	0.00429	0.03161	0.00676	0.00608
50	0.18712	0.07010	0.01479	0.01125	0.01505	0.01327	0.00908	0.06135	0.06072	0.13818	0.04460	0.02997	0.11010	0.01310	0.01046	0.13142	0.00599	0.03420	0.00590	0.03334
51	0.23071	0.06159	0.06447	0.06757	0.12258	0.08225	0.04079	0.02168	0.03704	0.04297	0.02242	0.02422	0.11097	0.00941	0.00729	0.02582	0.00775	0.00699	0.00459	0.00888
52	0.11211	0.04080	0.02258	0.04227	0.19703	0.06271	0.06734	0.09189	0.01882	0.15223	0.01961	0.02292	0.03844	0.06803	0.00960	0.00265	0.00821	0.00712	0.00539	0.01026
53	0.10878	0.12302	0.21534	0.01638	0.04935	0.06347	0.01593	0.03702	0.06705	0.02471	0.03854	0.02795	0.04370	0.00965	0.00688	0.00231	0.00813	0.08405	0.04837	0.00936
54	0.03801	0.03806	0.05824	0.05929	0.01993	0.06041	0.01243	0.07276	0.11654	0.02542	0.04467	0.09314	0.01929	0.01050	0.00949	0.00230	0.11308	0.00801	0.09370	0.10473

[dist]
# distance from previous block
# <min> <max>
20	86

[block]
# block no. 7 follows, 27 sequences, length 32
# corresponding to MSA columns:
# 430-461
name=unknown_H
#
# <colnr> <probs for GDERKNQSTAVLIFYWHMCP>
#	G	D	E	R	K	N	Q	S	T	A	V	L	I	F	Y	W	H	M	C	P
