[name]
unknown

[dist]
# distance from previous block
# <min> <max>
2	31

[block]
# block no. 0 follows, 25 sequences, length 6
# corresponding to MSA columns:
# 34-39
name=unknown_A
#
# <colnr> <probs for GDERKNQSTAVLIFYWHMCP>
#	G	D	E	R	K	N	Q	S	T	A	V	L	I	F	Y	W	H	M	C	P
0	0.06335	0.01753	0.05865	0.15124	0.08963	0.01697	0.19352	0.07790	0.05331	0.02780	0.07395	0.02356	0.01775	0.00822	0.00783	0.00239	0.00922	0.00791	0.04230	0.05697
1	0.04649	0.07562	0.09241	0.01388	0.01822	0.05643	0.01220	0.07884	0.07401	0.08461	0.01971	0.02444	0.01626	0.07037	0.11945	0.07396	0.00986	0.00706	0.07292	0.03327
2	0.08687	0.05753	0.05903	0.06913	0.10625	0.09220	0.01399	0.05222	0.09057	0.02551	0.02341	0.09135	0.06029	0.01265	0.04022	0.00280	0.00851	0.00846	0.04256	0.05645
3	0.05380	0.01337	0.05010	0.08426	0.04842	0.01205	0.01215	0.06723	0.01907	0.15579	0.10691	0.13610	0.06768	0.01522	0.04923	0.00303	0.00737	0.01053	0.00662	0.08109
4	0.06547	0.12050	0.10825	0.06076	0.02316	0.05475	0.01418	0.09612	0.06911	0.06038	0.08417	0.02169	0.01859	0.00843	0.00684	0.00205	0.00780	0.00655	0.00541	0.16578
5	0.01802	0.08121	0.15615	0.01670	0.06072	0.01542	0.01490	0.05932	0.11881	0.09947	0.14136	0.03606	0.10191	0.01155	0.00797	0.00245	0.00715	0.03404	0.00647	0.01033

[dist]
# distance from previous block
# <min> <max>
5	16

[block]
# block no. 1 follows, 25 sequences, length 9
# corresponding to MSA columns:
# 56-64
name=unknown_B
#
# <colnr> <probs for GDERKNQSTAVLIFYWHMCP>
#	G	D	E	R	K	N	Q	S	T	A	V	L	I	F	Y	W	H	M	C	P
0	0.11287	0.10484	0.09033	0.01721	0.05794	0.09983	0.01444	0.07899	0.05818	0.15602	0.01755	0.01822	0.01297	0.00814	0.00738	0.00217	0.03388	0.00594	0.00561	0.09751
1	0.15270	0.10622	0.11076	0.01773	0.08352	0.06926	0.01450	0.10844	0.01942	0.11517	0.02019	0.02296	0.04994	0.06622	0.00942	0.00269	0.00835	0.00681	0.00542	0.01029
2	0.13655	0.16374	0.03768	0.07964	0.04575	0.10355	0.01317	0.05428	0.06699	0.06360	0.05532	0.05882	0.01789	0.01071	0.02846	0.00254	0.00851	0.00706	0.00517	0.04058
3	0.01300	0.00679	0.00989	0.01003	0.01006	0.00676	0.00662	0.01024	0.01055	0.01407	0.01651	0.07858	0.01744	0.07961	0.02945	0.65808	0.00662	0.00824	0.00376	0.00369
4	0.01915	0.04200	0.05228	0.23989	0.03350	0.07016	0.07973	0.11291	0.14516	0.02655	0.01841	0.02280	0.01451	0.05333	0.01034	0.00282	0.03385	0.00748	0.00506	0.01009
5	0.01518	0.00876	0.01051	0.00989	0.01229	0.00832	0.00747	0.01937	0.05632	0.11296	0.24275	0.12946	0.09380	0.01418	0.00794	0.00237	0.00430	0.01219	0.22377	0.00815
6	0.08808	0.01771	0.09678	0.06421	0.05052	0.06831	0.01363	0.05871	0.05762	0.12960	0.09710	0.05671	0.06122	0.04634	0.05684	0.00337	0.00863	0.00885	0.00612	0.00967
7	0.01642	0.01064	0.01376	0.01397	0.06732	0.00995	0.00963	0.06671	0.02018	0.12237	0.21131	0.18271	0.11377	0.01500	0.00851	0.00248	0.00522	0.01307	0.04369	0.05331
8	0.05504	0.17212	0.15180	0.04593	0.02255	0.01830	0.01490	0.08882	0.05689	0.14249	0.02371	0.02404	0.06689	0.00912	0.00688	0.00223	0.00774	0.00703	0.07286	0.01063

[dist]
# distance from previous block
# <min> <max>
0	5

[block]
# block no. 2 follows, 25 sequences, length 16
# corresponding to MSA columns:
# 70-85
name=unknown_C
#
# <colnr> <probs for GDERKNQSTAVLIFYWHMCP>
#	G	D	E	R	K	N	Q	S	T	A	V	L	I	F	Y	W	H	M	C	P
0	0.06460	0.04188	0.05226	0.03955	0.02063	0.08529	0.03621	0.09497	0.02037	0.05996	0.17787	0.02762	0.02701	0.01185	0.03617	0.00258	0.03974	0.00791	0.00588	0.14766
1	0.01719	0.11183	0.05116	0.20216	0.02980	0.05061	0.08317	0.04267	0.01866	0.05659	0.14623	0.02920	0.06008	0.00971	0.00770	0.00229	0.00839	0.00843	0.00522	0.05890
2	0.01954	0.01552	0.02399	0.08579	0.02656	0.01550	0.18122	0.15375	0.02115	0.06329	0.02029	0.06392	0.01633	0.00889	0.00755	0.00225	0.00825	0.00829	0.16534	0.09257
3	0.00954	0.00682	0.00908	0.01073	0.01127	0.00636	0.00720	0.01104	0.01529	0.02050	0.08252	0.68063	0.05266	0.02376	0.00985	0.00310	0.00445	0.02154	0.00728	0.00636
4	0.01925	0.01674	0.04966	0.15949	0.02565	0.10364	0.01379	0.06679	0.07474	0.11381	0.12641	0.14319	0.02945	0.01237	0.00823	0.00253	0.00787	0.01051	0.00643	0.00945
5	0.01003	0.00732	0.00950	0.01060	0.01169	0.00679	0.00759	0.01215	0.01694	0.02265	0.18152	0.45345	0.11997	0.02173	0.00974	0.00298	0.00451	0.07675	0.00748	0.00662
6	0.01611	0.04514	0.01626	0.04448	0.01790	0.01297	0.04064	0.02329	0.20018	0.06874	0.08111	0.07287	0.10956	0.01786	0.04594	0.15502	0.00705	0.01012	0.00625	0.00851
7	0.12989	0.03401	0.02056	0.01866	0.02277	0.60541	0.01410	0.02987	0.02080	0.02109	0.01183	0.01380	0.00977	0.00788	0.00670	0.00205	0.01291	0.00489	0.00410	0.00891
8	0.02091	0.02126	0.05496	0.16230	0.11328	0.16913	0.04802	0.02570	0.04842	0.08294	0.03515	0.02000	0.01397	0.00815	0.00820	0.00224	0.04149	0.00659	0.00470	0.11260
9	0.01497	0.01462	0.04893	0.20989	0.12553	0.01514	0.07097	0.02002	0.04826	0.02325	0.06374	0.09488	0.06809	0.01125	0.00973	0.00261	0.07457	0.00974	0.06480	0.00904
10	0.05253	0.05285	0.13590	0.01799	0.09210	0.01434	0.01494	0.02707	0.05741	0.20997	0.08606	0.02401	0.02018	0.00863	0.00720	0.00214	0.00730	0.00710	0.00622	0.15608
11	0.01044	0.00800	0.00976	0.00991	0.01188	0.00708	0.00727	0.01288	0.01790	0.02392	0.23232	0.27141	0.22603	0.01910	0.00922	0.00267	0.00432	0.04620	0.00739	0.06230
12	0.02427	0.09226	0.14684	0.01573	0.02192	0.06450	0.01482	0.07673	0.11826	0.23071	0.02280	0.02351	0.01661	0.04865	0.00903	0.00259	0.00819	0.00709	0.04414	0.01134
13	0.01380	0.00844	0.01077	0.01111	0.01266	0.00791	0.00770	0.01621	0.04568	0.10894	0.03689	0.47402	0.04092	0.12325	0.01367	0.00359	0.00534	0.01733	0.00710	0.03466
14	0.05789	0.01725	0.05835	0.01620	0.06679	0.05224	0.01251	0.10246	0.11772	0.05998	0.02353	0.05108	0.04880	0.00950	0.00709	0.00211	0.00698	0.02216	0.07097	0.19640
15	0.01973	0.08726	0.07369	0.06849	0.07293	0.05444	0.05384	0.09058	0.01894	0.06533	0.01643	0.05310	0.01373	0.00823	0.00771	0.00202	0.03691	0.00670	0.00488	0.24507

[dist]
# distance from previous block
# <min> <max>
1	7

[block]
# block no. 3 follows, 25 sequences, length 30
# corresponding to MSA columns:
# 93-122
name=unknown_D
#
# <colnr> <probs for GDERKNQSTAVLIFYWHMCP>
#	G	D	E	R	K	N	Q	S	T	A	V	L	I	F	Y	W	H	M	C	P
0	0.11833	0.06839	0.04868	0.08798	0.05652	0.01525	0.01291	0.02652	0.10240	0.16228	0.02151	0.05598	0.01689	0.01173	0.04460	0.00283	0.00776	0.00735	0.05016	0.08193
1	0.33297	0.10932	0.04886	0.08180	0.02376	0.02044	0.04780	0.16569	0.01982	0.06357	0.01416	0.01596	0.01061	0.00774	0.00626	0.00232	0.00792	0.00558	0.00526	0.01016
2	0.29624	0.09740	0.17851	0.05222	0.04958	0.01843	0.01545	0.05114	0.05652	0.02859	0.01780	0.05165	0.03992	0.00882	0.00645	0.00240	0.00787	0.00657	0.00470	0.00974
3	0.04833	0.00905	0.01064	0.01034	0.01164	0.00940	0.00713	0.04858	0.04611	0.02044	0.05547	0.10387	0.08691	0.27984	0.10647	0.11484	0.00817	0.01116	0.00539	0.00621
4	0.05162	0.01101	0.01642	0.01425	0.01717	0.01141	0.06952	0.05004	0.01570	0.13350	0.02191	0.06050	0.01919	0.06684	0.32361	0.08142	0.01365	0.00869	0.00535	0.00822
5	0.01682	0.01289	0.01443	0.01280	0.01615	0.01353	0.01002	0.17996	0.13376	0.03240	0.20173	0.07815	0.14362	0.04675	0.01008	0.00281	0.00580	0.05129	0.00768	0.00935
6	0.15906	0.01356	0.01941	0.10890	0.06483	0.01402	0.08999	0.02438	0.04707	0.14577	0.10396	0.02968	0.02322	0.00980	0.00751	0.00247	0.00729	0.04174	0.07768	0.00964
7	0.01443	0.01296	0.02012	0.19046	0.14352	0.01345	0.05545	0.01969	0.06907	0.02362	0.08496	0.17119	0.06753	0.01246	0.00834	0.00254	0.00743	0.01136	0.00545	0.06597
8	0.01146	0.00834	0.01011	0.01010	0.01206	0.00778	0.00740	0.01526	0.06137	0.04730	0.29518	0.23854	0.20907	0.01849	0.00923	0.00269	0.00421	0.01621	0.00784	0.00737
9	0.02191	0.34466	0.10383	0.01561	0.02238	0.12121	0.01483	0.11493	0.01976	0.02453	0.01288	0.01454	0.01064	0.00716	0.00605	0.00182	0.00912	0.00492	0.00424	0.12500
10	0.01096	0.00837	0.01023	0.01112	0.01247	0.00826	0.00780	0.01551	0.10775	0.02281	0.10712	0.49785	0.10814	0.02107	0.00947	0.00296	0.00459	0.01884	0.00743	0.00727
11	0.43498	0.14980	0.06014	0.01263	0.01790	0.08104	0.01125	0.02378	0.01527	0.06420	0.01423	0.05921	0.01226	0.00840	0.00568	0.00228	0.00743	0.00570	0.00477	0.00906
12	0.01026	0.00765	0.00960	0.01006	0.01165	0.00699	0.00744	0.01285	0.01852	0.02478	0.29806	0.26241	0.19578	0.01971	0.00952	0.00279	0.00429	0.07307	0.00772	0.00683
13	0.01564	0.01479	0.02505	0.56451	0.19000	0.01749	0.02203	0.02068	0.01597	0.02102	0.01396	0.02035	0.01076	0.00757	0.00774	0.00252	0.01009	0.00689	0.00353	0.00941
14	0.01613	0.01004	0.01280	0.01213	0.01472	0.00976	0.00943	0.06011	0.06097	0.12642	0.27078	0.19410	0.04940	0.01676	0.00916	0.00275	0.00525	0.10254	0.00812	0.00864
15	0.03361	0.01349	0.01802	0.01388	0.01974	0.01198	0.01144	0.07252	0.02301	0.62377	0.05355	0.02710	0.02083	0.00981	0.00784	0.00240	0.00660	0.00798	0.00945	0.01298
16	0.01527	0.01028	0.01256	0.01213	0.01485	0.01013	0.00957	0.02120	0.12236	0.08583	0.12430	0.10906	0.06927	0.07292	0.01127	0.00312	0.00578	0.17499	0.05762	0.05750
17	0.01780	0.01480	0.01700	0.01230	0.01910	0.01209	0.00990	0.10084	0.01869	0.02829	0.01440	0.01640	0.01170	0.00620	0.00600	0.00130	0.00610	0.00490	0.00500	0.67717
18	0.09192	0.05494	0.14464	0.05568	0.08941	0.13437	0.09495	0.12812	0.06396	0.04628	0.01583	0.01795	0.01193	0.00788	0.00734	0.00234	0.01023	0.00644	0.00488	0.01090
19	0.34180	0.10582	0.09116	0.01584	0.02122	0.12258	0.05318	0.02469	0.01577	0.05733	0.01247	0.01476	0.00985	0.00795	0.00782	0.00237	0.07648	0.00520	0.00437	0.00935
20	0.01096	0.00798	0.01125	0.01143	0.01242	0.00889	0.00836	0.01299	0.01243	0.01752	0.02368	0.10138	0.02437	0.20125	0.48707	0.01049	0.01631	0.01028	0.00457	0.00638
21	0.02701	0.01108	0.01437	0.01165	0.01611	0.00988	0.00940	0.03024	0.02059	0.44507	0.09351	0.03021	0.02476	0.01007	0.00730	0.00225	0.00551	0.00827	0.21170	0.01102
22	0.01984	0.00986	0.01265	0.01105	0.01455	0.00864	0.00859	0.02256	0.02019	0.28729	0.20324	0.13029	0.18881	0.01527	0.00870	0.00255	0.00499	0.01307	0.00848	0.00935
23	0.00982	0.00751	0.00885	0.00925	0.01085	0.00672	0.00656	0.01189	0.01745	0.02269	0.20928	0.26640	0.29870	0.06432	0.01127	0.00304	0.00426	0.01721	0.00737	0.00654
24	0.01019	0.00749	0.00960	0.01036	0.01169	0.00691	0.00754	0.01258	0.01785	0.02398	0.25513	0.35472	0.14608	0.02060	0.00962	0.00288	0.00438	0.07402	0.00763	0.00674
25	0.02263	0.01510	0.01924	0.01620	0.01934	0.01745	0.01318	0.08474	0.11627	0.21456	0.02630	0.06611	0.06016	0.01259	0.01417	0.00283	0.25293	0.00889	0.00671	0.01059
26	0.06459	0.01734	0.03201	0.09837	0.09411	0.01671	0.30289	0.02791	0.01881	0.21896	0.01950	0.02188	0.01366	0.00764	0.00823	0.00251	0.01013	0.00803	0.00558	0.01113
27	0.01399	0.01004	0.01230	0.01163	0.01456	0.00934	0.00912	0.01751	0.04320	0.05420	0.03496	0.20403	0.09477	0.01557	0.00897	0.00252	0.03465	0.12930	0.09968	0.17965
28	0.02176	0.01481	0.01759	0.07958	0.06346	0.04691	0.01223	0.11495	0.05498	0.16804	0.04952	0.05949	0.05731	0.01008	0.00744	0.00220	0.00693	0.00834	0.08594	0.11843
29	0.09588	0.12790	0.02065	0.03351	0.01926	0.01862	0.01189	0.14635	0.08431	0.07540	0.08336	0.07476	0.02213	0.01075	0.00882	0.00237	0.07344	0.00817	0.03787	0.04456

[dist]
# distance from previous block
# <min> <max>
5	23

[block]
# block no. 4 follows, 25 sequences, length 23
# corresponding to MSA columns:
# 146-168
name=unknown_E
#
# <colnr> <probs for GDERKNQSTAVLIFYWHMCP>
#	G	D	E	R	K	N	Q	S	T	A	V	L	I	F	Y	W	H	M	C	P
0	0.04365	0.01323	0.01824	0.19206	0.02624	0.01510	0.03428	0.07952	0.05076	0.09779	0.01982	0.02703	0.01654	0.12396	0.06689	0.00407	0.08109	0.00789	0.07291	0.00892
1	0.01189	0.00889	0.01049	0.00991	0.01219	0.00858	0.00748	0.01739	0.09690	0.02915	0.43357	0.05532	0.17734	0.01539	0.00870	0.00244	0.00400	0.01330	0.06930	0.00775
2	0.02920	0.01204	0.01609	0.01296	0.01809	0.01048	0.01065	0.03215	0.02135	0.53242	0.06434	0.03768	0.10051	0.01187	0.00822	0.00251	0.00620	0.05241	0.00910	0.01174
3	0.02015	0.02104	0.01632	0.01515	0.01826	0.29378	0.01134	0.02417	0.07487	0.05066	0.12250	0.14854	0.02932	0.01607	0.06062	0.00310	0.00983	0.01006	0.00587	0.04836
4	0.78228	0.01499	0.01140	0.01020	0.01499	0.01739	0.00840	0.02279	0.01320	0.03479	0.01080	0.01260	0.00840	0.00720	0.00480	0.00240	0.00600	0.00420	0.00480	0.00840
5	0.01011	0.00751	0.00943	0.00975	0.01126	0.00683	0.00701	0.01267	0.01873	0.02534	0.34795	0.28695	0.17908	0.01943	0.00940	0.00271	0.00399	0.01719	0.00783	0.00683
6	0.00981	0.00788	0.00875	0.00853	0.01087	0.00682	0.00640	0.01238	0.01920	0.02457	0.29154	0.06866	0.46074	0.01829	0.00916	0.00255	0.00383	0.01553	0.00768	0.00682
7	0.02073	0.73217	0.04063	0.01327	0.01990	0.03068	0.01327	0.02322	0.01575	0.01824	0.01078	0.01244	0.00995	0.00663	0.00498	0.00166	0.00829	0.00415	0.00332	0.00995
8	0.02999	0.02089	0.02275	0.01745	0.02363	0.02281	0.01441	0.59323	0.03506	0.11089	0.01978	0.01937	0.01377	0.00934	0.00776	0.00233	0.00834	0.00706	0.00794	0.01319
9	0.78228	0.01499	0.01140	0.01020	0.01499	0.01739	0.00840	0.02279	0.01320	0.03479	0.01080	0.01260	0.00840	0.00720	0.00480	0.00240	0.00600	0.00420	0.00480	0.00840
10	0.01108	0.00831	0.01246	0.01246	0.01385	0.00969	0.00969	0.01385	0.01246	0.01800	0.02077	0.03046	0.01938	0.05815	0.69678	0.01246	0.02077	0.00831	0.00415	0.00692
11	0.01570	0.01462	0.02446	0.63256	0.05101	0.01775	0.05472	0.05696	0.01687	0.02177	0.01416	0.02057	0.01058	0.00778	0.00783	0.00257	0.01038	0.00702	0.00372	0.00898
12	0.78228	0.01499	0.01140	0.01020	0.01499	0.01739	0.00840	0.02279	0.01320	0.03479	0.01080	0.01260	0.00840	0.00720	0.00480	0.00240	0.00600	0.00420	0.00480	0.00840
13	0.01663	0.04275	0.01661	0.03996	0.05329	0.04808	0.01118	0.07554	0.21489	0.02861	0.14934	0.04058	0.17385	0.01261	0.00812	0.00242	0.00618	0.01052	0.00695	0.04189
14	0.01016	0.00771	0.00935	0.00932	0.01118	0.00691	0.00685	0.01291	0.01945	0.02606	0.38446	0.17063	0.25999	0.01841	0.00927	0.00261	0.00388	0.01606	0.00790	0.00691
15	0.01842	0.01521	0.02530	0.19227	0.24909	0.01582	0.08781	0.05159	0.01813	0.07776	0.01975	0.07257	0.01680	0.00927	0.00792	0.00247	0.00877	0.02828	0.07246	0.01029
16	0.03109	0.01235	0.01667	0.01316	0.01850	0.01070	0.01072	0.03399	0.02159	0.58652	0.06528	0.06591	0.05490	0.01114	0.00804	0.00245	0.00622	0.00924	0.00931	0.01223
17	0.01052	0.00776	0.00983	0.00963	0.01138	0.00707	0.00710	0.01364	0.02042	0.02819	0.50860	0.14780	0.15430	0.01749	0.00925	0.00256	0.00381	0.01541	0.00817	0.00707
18	0.05095	0.00891	0.01245	0.01167	0.01376	0.00838	0.05641	0.01429	0.01857	0.02627	0.33327	0.26294	0.11725	0.01771	0.00916	0.00269	0.00479	0.01589	0.00744	0.00722
19	0.01221	0.00784	0.01034	0.01029	0.01144	0.00793	0.00729	0.01366	0.01441	0.04668	0.11969	0.12053	0.06613	0.18656	0.20177	0.09243	0.00966	0.01154	0.04333	0.00627
20	0.02022	0.01061	0.01445	0.01248	0.01559	0.01049	0.00976	0.02282	0.01715	0.26216	0.10422	0.03353	0.02619	0.11220	0.21911	0.00604	0.04596	0.00895	0.00672	0.04136
21	0.05741	0.05591	0.06478	0.08309	0.04805	0.07581	0.01417	0.13406	0.04355	0.02825	0.01589	0.04500	0.01321	0.00821	0.00743	0.00200	0.03300	0.00631	0.00500	0.25888
22	0.22638	0.01764	0.05937	0.07851	0.16142	0.04104	0.03822	0.02542	0.01697	0.14217	0.01609	0.01809	0.01193	0.00742	0.00669	0.00223	0.00798	0.00597	0.00514	0.11133

[dist]
# distance from previous block
# <min> <max>
0	9

[block]
# block no. 5 follows, 25 sequences, length 17
# corresponding to MSA columns:
# 187-203
name=unknown_F
#
# <colnr> <probs for GDERKNQSTAVLIFYWHMCP>
#	G	D	E	R	K	N	Q	S	T	A	V	L	I	F	Y	W	H	M	C	P
0	0.02230	0.01600	0.04728	0.04546	0.05572	0.04693	0.01239	0.02689	0.05596	0.22334	0.02126	0.05511	0.01632	0.00843	0.00701	0.00193	0.00701	0.00695	0.00624	0.31745
1	0.01886	0.01538	0.05290	0.04453	0.06377	0.01171	0.01200	0.02268	0.01704	0.11894	0.01624	0.01796	0.01250	0.00654	0.00633	0.00153	0.00659	0.00536	0.00514	0.54401
2	0.50684	0.01696	0.04352	0.01211	0.01658	0.08055	0.01016	0.02288	0.01445	0.06827	0.01341	0.01620	0.01068	0.01384	0.07831	0.04828	0.00861	0.00513	0.00479	0.00843
3	0.18838	0.13552	0.06676	0.05499	0.02181	0.01927	0.03383	0.08562	0.09329	0.07296	0.01849	0.02242	0.01481	0.00909	0.00755	0.00239	0.04237	0.03975	0.06067	0.01003
4	0.01005	0.00724	0.00964	0.01123	0.01208	0.00682	0.00808	0.01194	0.01587	0.02104	0.07739	0.54770	0.07821	0.02314	0.00997	0.00316	0.00489	0.12778	0.00726	0.00651
5	0.02050	0.01501	0.02277	0.21066	0.12651	0.01594	0.06164	0.08370	0.07940	0.14658	0.05096	0.06465	0.02029	0.01012	0.00817	0.00256	0.00838	0.03545	0.00605	0.01063
6	0.01007	0.00746	0.00922	0.00964	0.01101	0.00680	0.00679	0.01229	0.01775	0.02378	0.27776	0.29927	0.18747	0.07043	0.01158	0.00309	0.00429	0.01719	0.00750	0.00660
7	0.10839	0.14014	0.02475	0.21573	0.06307	0.01841	0.08248	0.02231	0.06181	0.02375	0.01616	0.02050	0.01299	0.01232	0.07080	0.00323	0.00972	0.00663	0.07765	0.00918
8	0.00955	0.00712	0.00889	0.01003	0.01111	0.00646	0.00692	0.01128	0.01624	0.02127	0.11870	0.50609	0.19341	0.02234	0.00965	0.00295	0.00428	0.01991	0.00734	0.00646
9	0.02169	0.01543	0.01721	0.01427	0.01896	0.01614	0.01127	0.20313	0.20930	0.11061	0.06864	0.06006	0.06136	0.04647	0.00942	0.00262	0.00653	0.00919	0.00752	0.09020
10	0.01211	0.00822	0.00993	0.00988	0.01150	0.00741	0.00672	0.01356	0.01511	0.05831	0.07241	0.29421	0.12763	0.22619	0.01789	0.00408	0.00549	0.01523	0.00644	0.07767
11	0.01283	0.00855	0.01098	0.01056	0.01220	0.00828	0.00771	0.01525	0.01826	0.07974	0.31864	0.19521	0.11200	0.10043	0.01362	0.00325	0.04302	0.01472	0.00749	0.00728
12	0.01794	0.09694	0.09730	0.22326	0.28756	0.06718	0.02110	0.02263	0.01702	0.02228	0.01660	0.02073	0.04119	0.00782	0.00739	0.00232	0.00977	0.00678	0.00378	0.01042
13	0.00963	0.00703	0.00906	0.01033	0.01121	0.00647	0.00707	0.01137	0.01614	0.02149	0.13477	0.56015	0.12147	0.02261	0.00971	0.00299	0.00432	0.02031	0.00738	0.00647
14	0.02713	0.01606	0.01974	0.07496	0.02340	0.01691	0.01334	0.26294	0.04647	0.26888	0.04796	0.07325	0.02016	0.01080	0.00875	0.00249	0.03840	0.00864	0.00784	0.01186
15	0.11579	0.04119	0.08103	0.02111	0.11250	0.01800	0.07535	0.13998	0.08864	0.11992	0.01862	0.01964	0.01367	0.00798	0.00719	0.00226	0.00817	0.00667	0.00589	0.09639
16	0.10486	0.07576	0.06124	0.01505	0.02063	0.01791	0.04680	0.15436	0.15821	0.06595	0.02919	0.02871	0.11924	0.01026	0.00737	0.00234	0.00714	0.00823	0.00641	0.06035

[dist]
# distance from previous block
# <min> <max>
0	7

[block]
# block no. 6 follows, 25 sequences, length 8
# corresponding to MSA columns:
# 222-229
name=unknown_G
#
# <colnr> <probs for GDERKNQSTAVLIFYWHMCP>
#	G	D	E	R	K	N	Q	S	T	A	V	L	I	F	Y	W	H	M	C	P
0	0.01670	0.06636	0.01625	0.01247	0.01655	0.01281	0.00974	0.08003	0.09558	0.06443	0.09821	0.22248	0.03147	0.01329	0.00780	0.00225	0.00571	0.01143	0.00664	0.20979
1	0.01297	0.01162	0.01217	0.01224	0.04964	0.06008	0.00828	0.01501	0.01633	0.02092	0.04351	0.15430	0.26374	0.11430	0.01254	0.00302	0.00594	0.01276	0.00589	0.16473
2	0.09401	0.06582	0.06468	0.12936	0.02624	0.07809	0.01520	0.07402	0.14035	0.06278	0.01770	0.01998	0.01370	0.01102	0.03790	0.00286	0.08784	0.00656	0.00519	0.04670
3	0.01170	0.00743	0.00982	0.01076	0.01177	0.00689	0.00738	0.01336	0.01599	0.07243	0.11166	0.55092	0.04978	0.06698	0.01153	0.00329	0.00476	0.01935	0.00738	0.00685
4	0.01966	0.10839	0.02037	0.01488	0.01895	0.01881	0.01218	0.11187	0.25656	0.07028	0.05447	0.02771	0.04760	0.01749	0.10791	0.00391	0.06363	0.00819	0.00650	0.01063
5	0.02329	0.09847	0.06874	0.06924	0.02417	0.09948	0.01403	0.11483	0.06575	0.13953	0.01802	0.01881	0.01333	0.00787	0.00686	0.00199	0.00834	0.00602	0.00572	0.19549
6	0.01634	0.01165	0.01487	0.01188	0.01648	0.01002	0.05045	0.04914	0.01913	0.10668	0.11382	0.04138	0.22358	0.01207	0.00774	0.00210	0.00553	0.01027	0.05495	0.22192
7	0.09293	0.13154	0.02060	0.05806	0.02024	0.05361	0.05282	0.05740	0.05728	0.05048	0.07291	0.13334	0.05611	0.05087	0.00918	0.00262	0.00729	0.00980	0.00566	0.05725

[dist]
# distance from previous block
# <min> <max>
0	100

[block]
# block no. 7 follows, 25 sequences, length 6
# corresponding to MSA columns:
# 390-395
name=unknown_H
#
# <colnr> <probs for GDERKNQSTAVLIFYWHMCP>
#	G	D	E	R	K	N	Q	S	T	A	V	L	I	F	Y	W	H	M	C	P
0	0.28890	0.01600	0.03942	0.01331	0.01740	0.05801	0.01094	0.02539	0.11124	0.10260	0.01750	0.01982	0.01370	0.01452	0.06560	0.08426	0.04947	0.00616	0.00541	0.04037
1	0.01940	0.15706	0.10696	0.05477	0.05435	0.02119	0.03570	0.09924	0.04524	0.04967	0.01681	0.02354	0.01455	0.01020	0.01140	0.00255	0.16875	0.05989	0.00473	0.04400
2	0.10155	0.01143	0.01296	0.04317	0.01601	0.01210	0.00927	0.09133	0.06520	0.06714	0.07822	0.07003	0.10249	0.13801	0.07303	0.00424	0.00751	0.03841	0.04964	0.00826
3	0.10097	0.07145	0.01748	0.01251	0.01740	0.01452	0.01028	0.13548	0.02208	0.18338	0.16429	0.02827	0.02723	0.00992	0.00714	0.00214	0.00607	0.00792	0.05521	0.10626
4	0.12684	0.03644	0.05729	0.09166	0.07021	0.04641	0.03154	0.02438	0.13286	0.05186	0.13423	0.03236	0.07349	0.01089	0.00818	0.00251	0.02720	0.02618	0.00595	0.00953
5	0.01547	0.02363	0.31276	0.06761	0.02586	0.01364	0.01846	0.02187	0.04424	0.07231	0.08331	0.15842	0.02521	0.01163	0.00797	0.00250	0.00826	0.00993	0.00530	0.07163

[dist]
# distance from previous block
# <min> <max>
0	4

[block]
# block no. 8 follows, 25 sequences, length 20
# corresponding to MSA columns:
# 400-419
name=unknown_I
#
# <colnr> <probs for GDERKNQSTAVLIFYWHMCP>
#	G	D	E	R	K	N	Q	S	T	A	V	L	I	F	Y	W	H	M	C	P
0	0.01830	0.03784	0.07224	0.04929	0.06113	0.04994	0.01275	0.05738	0.01720	0.12328	0.05957	0.06925	0.02274	0.15717	0.12262	0.00501	0.04080	0.00909	0.00553	0.00888
1	0.02030	0.10120	0.13616	0.01569	0.02161	0.04439	0.01478	0.05310	0.08271	0.12335	0.05794	0.02294	0.03786	0.00932	0.00911	0.00222	0.08677	0.00692	0.00558	0.14804
2	0.02093	0.01228	0.01497	0.01300	0.01689	0.01239	0.01024	0.06309	0.16809	0.22860	0.12172	0.07377	0.09658	0.01817	0.08924	0.00370	0.00748	0.01053	0.00794	0.01039
3	0.01114	0.00754	0.00842	0.00842	0.00859	0.00745	0.00477	0.01127	0.01168	0.01541	0.02789	0.05227	0.06962	0.68224	0.03753	0.00720	0.00729	0.01160	0.00486	0.00482
4	0.06268	0.01558	0.01679	0.01829	0.11646	0.11159	0.01200	0.02415	0.07569	0.13875	0.09783	0.17325	0.07823	0.01334	0.00818	0.00252	0.00706	0.01137	0.00670	0.00956
5	0.01834	0.01710	0.04818	0.04427	0.04858	0.05106	0.03691	0.05562	0.01787	0.05021	0.01467	0.01700	0.01170	0.00644	0.00636	0.00153	0.00725	0.00528	0.00475	0.53687
6	0.01850	0.01772	0.03022	0.14808	0.58405	0.01824	0.02345	0.02319	0.01733	0.02449	0.01446	0.01942	0.01199	0.00704	0.00769	0.00235	0.00938	0.00691	0.00378	0.01172
7	0.01464	0.01378	0.02326	0.70887	0.05340	0.01723	0.02153	0.01981	0.01550	0.01981	0.01378	0.02067	0.01034	0.00775	0.00775	0.00258	0.01034	0.00689	0.00345	0.00861
8	0.01996	0.17732	0.17624	0.01645	0.02338	0.01829	0.05616	0.06799	0.05555	0.11251	0.07426	0.05098	0.01951	0.00901	0.00715	0.00217	0.00817	0.00740	0.00548	0.09201
9	0.01555	0.04011	0.68733	0.02210	0.03356	0.01801	0.02865	0.02455	0.01637	0.02455	0.01391	0.01637	0.00982	0.00737	0.00737	0.00246	0.01146	0.00573	0.00327	0.01146
10	0.02073	0.73217	0.04063	0.01327	0.01990	0.03068	0.01327	0.02322	0.01575	0.01824	0.01078	0.01244	0.00995	0.00663	0.00498	0.00166	0.00829	0.00415	0.00332	0.00995
11	0.03479	0.01320	0.01799	0.01380	0.01979	0.01140	0.01140	0.03779	0.02219	0.68451	0.03059	0.02639	0.01919	0.00960	0.00780	0.00240	0.00660	0.00780	0.00960	0.01320
12	0.74002	0.01489	0.01177	0.01040	0.01527	0.01705	0.00857	0.02364	0.01370	0.07152	0.01192	0.01338	0.00901	0.00733	0.00497	0.00240	0.00603	0.00440	0.00507	0.00867
13	0.01122	0.00866	0.01203	0.05198	0.01524	0.00959	0.00933	0.01436	0.03750	0.01890	0.03023	0.10199	0.10332	0.10491	0.42422	0.00900	0.01485	0.01078	0.00496	0.00692
14	0.02073	0.73217	0.04063	0.01327	0.01990	0.03068	0.01327	0.02322	0.01575	0.01824	0.01078	0.01244	0.00995	0.00663	0.00498	0.00166	0.00829	0.00415	0.00332	0.00995
15	0.00951	0.00787	0.00834	0.00822	0.01069	0.00669	0.00617	0.01181	0.01850	0.02291	0.19400	0.07139	0.55932	0.01890	0.00916	0.00258	0.00388	0.01591	0.00746	0.00669
16	0.01713	0.01086	0.01346	0.04302	0.01649	0.01018	0.00924	0.06981	0.01993	0.12586	0.18993	0.07624	0.09102	0.01484	0.04657	0.00277	0.00615	0.01027	0.09715	0.12908
17	0.02209	0.01167	0.01463	0.01251	0.01653	0.01107	0.01001	0.07804	0.05889	0.28578	0.13574	0.07111	0.13521	0.01619	0.04728	0.00311	0.00660	0.04508	0.00825	0.01020
18	0.01707	0.01501	0.02080	0.12296	0.02535	0.01588	0.03962	0.02036	0.01509	0.05259	0.01354	0.01772	0.01128	0.00863	0.01223	0.00216	0.22040	0.00594	0.00426	0.35910
19	0.10412	0.01670	0.04651	0.19706	0.12272	0.07375	0.03929	0.02274	0.04279	0.06836	0.04555	0.02395	0.01632	0.05294	0.09145	0.00390	0.01052	0.00732	0.00469	0.00932

[dist]
# distance from previous block
# <min> <max>
0	2

[block]
# block no. 9 follows, 25 sequences, length 16
# corresponding to MSA columns:
# 422-437
name=unknown_J
#
# <colnr> <probs for GDERKNQSTAVLIFYWHMCP>
#	G	D	E	R	K	N	Q	S	T	A	V	L	I	F	Y	W	H	M	C	P
0	0.02080	0.15040	0.08889	0.10431	0.02533	0.08722	0.01488	0.06923	0.10383	0.09776	0.02029	0.08456	0.01702	0.00958	0.00718	0.00224	0.00842	0.00765	0.00547	0.07494
1	0.01462	0.00906	0.01130	0.01094	0.01326	0.00849	0.00819	0.01837	0.06261	0.12514	0.20613	0.22022	0.14705	0.05785	0.01085	0.00301	0.00496	0.05211	0.00781	0.00802
2	0.01605	0.01967	0.15337	0.05725	0.05463	0.01610	0.10973	0.02683	0.21922	0.02708	0.11105	0.06066	0.02567	0.01336	0.05156	0.00319	0.00908	0.00934	0.00579	0.01036
3	0.00968	0.00737	0.00891	0.00959	0.01106	0.00660	0.00679	0.01172	0.01731	0.02259	0.18954	0.36413	0.26484	0.02094	0.00949	0.00282	0.00413	0.01843	0.00748	0.00660
4	0.09110	0.01766	0.10296	0.02064	0.13950	0.01416	0.04217	0.02194	0.01623	0.07440	0.01700	0.06103	0.01452	0.01102	0.04666	0.00265	0.03641	0.00691	0.00474	0.25829
5	0.02113	0.01362	0.01706	0.05599	0.02097	0.01106	0.01057	0.02456	0.01772	0.20608	0.01840	0.01920	0.01353	0.00693	0.00643	0.00158	0.00627	0.00562	0.00590	0.51738
6	0.25933	0.07372	0.01844	0.17772	0.02595	0.15370	0.01337	0.02210	0.01619	0.02447	0.01702	0.09138	0.01609	0.01014	0.00687	0.00246	0.00874	0.04931	0.00460	0.00839
7	0.18383	0.04601	0.20910	0.01562	0.02188	0.01763	0.01563	0.10504	0.12742	0.03052	0.05775	0.02298	0.01763	0.05186	0.04262	0.00321	0.00866	0.00696	0.00540	0.01024
8	0.02410	0.01941	0.01998	0.04658	0.05090	0.10759	0.01353	0.21182	0.17536	0.10456	0.02201	0.02474	0.01721	0.08555	0.01175	0.00296	0.03651	0.00767	0.00665	0.01110
9	0.01583	0.01360	0.01541	0.06591	0.01913	0.05506	0.01139	0.02388	0.19861	0.05082	0.10347	0.08808	0.12296	0.01897	0.09110	0.00383	0.07572	0.01079	0.00643	0.00902
10	0.01784	0.01548	0.08621	0.05622	0.06182	0.01404	0.01373	0.06596	0.09650	0.11409	0.10636	0.12079	0.04766	0.04295	0.04978	0.00338	0.06055	0.01050	0.00642	0.00972
11	0.01023	0.00773	0.00914	0.00907	0.01080	0.00697	0.00651	0.01263	0.01848	0.02454	0.32751	0.13406	0.27105	0.10156	0.01279	0.00317	0.00429	0.01536	0.00749	0.00664
12	0.01563	0.04603	0.11689	0.07368	0.08437	0.01541	0.18264	0.02196	0.05543	0.02624	0.17494	0.03307	0.02886	0.01016	0.00834	0.00250	0.00870	0.04267	0.04289	0.00961
13	0.01160	0.00934	0.01104	0.01011	0.01327	0.00773	0.00748	0.01404	0.01685	0.02319	0.12256	0.25317	0.20491	0.01633	0.00834	0.00231	0.00463	0.01420	0.00657	0.24234
14	0.02017	0.01694	0.02251	0.13552	0.02837	0.01666	0.07766	0.21458	0.02246	0.03153	0.01546	0.01813	0.01184	0.00726	0.00705	0.00190	0.00813	0.00618	0.00530	0.33237
15	0.01218	0.01107	0.01901	0.01589	0.01898	0.01022	0.18240	0.01538	0.01735	0.02307	0.15073	0.25450	0.16156	0.05735	0.01112	0.00303	0.00676	0.01544	0.00639	0.00756

[dist]
# distance from previous block
# <min> <max>
6	8

[block]
# block no. 10 follows, 25 sequences, length 58
# corresponding to MSA columns:
# 446-503
name=unknown_K
#
# <colnr> <probs for GDERKNQSTAVLIFYWHMCP>
#	G	D	E	R	K	N	Q	S	T	A	V	L	I	F	Y	W	H	M	C	P
0	0.28042	0.05398	0.01793	0.01527	0.05369	0.10714	0.01159	0.05160	0.01726	0.08951	0.04551	0.01834	0.01417	0.01046	0.03770	0.00265	0.05515	0.00577	0.00517	0.10668
1	0.02719	0.07249	0.02103	0.01505	0.02103	0.09110	0.01234	0.18421	0.05531	0.23763	0.02071	0.02007	0.01464	0.00838	0.00707	0.00204	0.00781	0.00640	0.00695	0.16854
2	0.05225	0.05013	0.19658	0.01410	0.01985	0.01295	0.01430	0.02195	0.04997	0.08868	0.19080	0.03626	0.07121	0.01134	0.00774	0.00236	0.00685	0.04316	0.04037	0.06914
3	0.02266	0.05382	0.01774	0.01373	0.01830	0.05508	0.03891	0.02860	0.12728	0.26786	0.06458	0.06744	0.16586	0.01244	0.00811	0.00246	0.00657	0.01039	0.00769	0.01049
4	0.01835	0.01132	0.01396	0.01118	0.01587	0.00966	0.00887	0.02167	0.01738	0.15422	0.08114	0.02597	0.02113	0.01468	0.09464	0.00307	0.00728	0.00701	0.13536	0.32724
5	0.01281	0.00775	0.00977	0.00977	0.01137	0.00843	0.00750	0.01601	0.01441	0.02360	0.02309	0.02966	0.01964	0.03291	0.34156	0.00699	0.01195	0.00775	0.39793	0.00708
6	0.01001	0.00785	0.00882	0.00860	0.01070	0.00691	0.00631	0.01242	0.01868	0.02414	0.29164	0.06644	0.39942	0.07994	0.01180	0.00298	0.00414	0.01507	0.00747	0.00667
7	0.01082	0.00735	0.00873	0.00927	0.00945	0.00723	0.00562	0.01130	0.01245	0.01658	0.02991	0.23369	0.03496	0.51490	0.03055	0.00621	0.00669	0.03363	0.00545	0.00521
8	0.78228	0.01499	0.01140	0.01020	0.01499	0.01739	0.00840	0.02279	0.01320	0.03479	0.01080	0.01260	0.00840	0.00720	0.00480	0.00240	0.00600	0.00420	0.00480	0.00840
9	0.01464	0.01378	0.02326	0.70887	0.05340	0.01723	0.02153	0.01981	0.01550	0.01981	0.01378	0.02067	0.01034	0.00775	0.00775	0.00258	0.01034	0.00689	0.00345	0.00861
10	0.02947	0.02172	0.02327	0.01784	0.02404	0.02404	0.01474	0.65329	0.03646	0.04887	0.01862	0.01862	0.01319	0.00931	0.00776	0.00233	0.00853	0.00698	0.00776	0.01319
11	0.02947	0.02172	0.02327	0.01784	0.02404	0.02404	0.01474	0.65329	0.03646	0.04887	0.01862	0.01862	0.01319	0.00931	0.00776	0.00233	0.00853	0.00698	0.00776	0.01319
12	0.01184	0.00880	0.01257	0.01592	0.09093	0.00857	0.01062	0.01439	0.01617	0.02207	0.03776	0.40325	0.04261	0.02037	0.00958	0.00309	0.00578	0.20071	0.05764	0.00731
13	0.02900	0.03601	0.02205	0.01984	0.02397	0.65478	0.01497	0.06947	0.02287	0.02083	0.01240	0.01427	0.01019	0.00807	0.00704	0.00202	0.01365	0.00512	0.00423	0.00925
14	0.02402	0.01271	0.01695	0.10181	0.02231	0.01257	0.01214	0.11408	0.02191	0.30875	0.09067	0.14337	0.02881	0.01288	0.00840	0.00259	0.00675	0.04069	0.00795	0.01064
15	0.05175	0.01536	0.02261	0.45461	0.09972	0.01798	0.01905	0.13461	0.01951	0.02630	0.01819	0.02280	0.04788	0.00859	0.00769	0.00251	0.00936	0.00731	0.00453	0.00964
16	0.74796	0.01494	0.01193	0.04143	0.01671	0.01739	0.00898	0.02266	0.01330	0.03412	0.01093	0.01296	0.00848	0.00722	0.00493	0.00241	0.00619	0.00432	0.00474	0.00841
17	0.01095	0.00757	0.00956	0.01010	0.01158	0.00685	0.00717	0.01311	0.01763	0.05306	0.22005	0.38906	0.17355	0.02047	0.00946	0.00282	0.00426	0.01816	0.00767	0.00693
18	0.01023	0.00803	0.00931	0.00942	0.01141	0.00729	0.00689	0.01347	0.04686	0.02437	0.25504	0.20555	0.32593	0.01905	0.00926	0.00268	0.00406	0.01651	0.00765	0.00698
19	0.01088	0.00792	0.01024	0.00966	0.01153	0.00728	0.00724	0.01445	0.02173	0.03058	0.64478	0.05877	0.10375	0.01604	0.00915	0.00245	0.00367	0.01414	0.00847	0.00728
20	0.01398	0.01010	0.01262	0.01351	0.04629	0.01032	0.00941	0.02047	0.15378	0.06037	0.10175	0.30942	0.07203	0.01928	0.04241	0.00324	0.00589	0.03214	0.05452	0.00845
21	0.01608	0.01378	0.01608	0.01148	0.01837	0.01034	0.00919	0.01952	0.01608	0.02527	0.01378	0.01608	0.01148	0.00574	0.00574	0.00115	0.00574	0.00459	0.00459	0.77491
22	0.02161	0.01781	0.01884	0.01625	0.02105	0.02037	0.01283	0.18084	0.52171	0.03618	0.02861	0.02658	0.02128	0.01024	0.00786	0.00256	0.00668	0.00836	0.00786	0.01248
23	0.01599	0.01204	0.01875	0.42753	0.03749	0.01364	0.01619	0.02020	0.01740	0.10685	0.11267	0.06456	0.08317	0.01096	0.00818	0.00257	0.00809	0.00956	0.00545	0.00873
24	0.01347	0.00673	0.01010	0.01010	0.01010	0.00673	0.00673	0.01010	0.01010	0.01347	0.01347	0.02357	0.01347	0.02694	0.03030	0.77441	0.00673	0.00673	0.00337	0.00337
25	0.01361	0.01137	0.01541	0.10400	0.07108	0.01133	0.01148	0.04681	0.01733	0.02394	0.10161	0.23824	0.09607	0.01471	0.00927	0.00249	0.04413	0.01271	0.00595	0.14847
26	0.05067	0.01517	0.04693	0.08195	0.02263	0.01331	0.01227	0.05809	0.03904	0.14713	0.01743	0.01933	0.01314	0.00868	0.00883	0.04476	0.04027	0.00594	0.00551	0.34894
27	0.51440	0.04827	0.04425	0.01643	0.07604	0.11387	0.04066	0.02421	0.01528	0.03022	0.01164	0.01388	0.00923	0.00724	0.00566	0.00232	0.00803	0.00483	0.00444	0.00909
28	0.01993	0.06188	0.19613	0.15159	0.03175	0.02019	0.05033	0.15157	0.10134	0.05502	0.01731	0.01967	0.01283	0.00874	0.00904	0.00252	0.06719	0.00683	0.00508	0.01106
29	0.01675	0.01604	0.07996	0.02001	0.08346	0.01375	0.12557	0.02098	0.05806	0.05877	0.03806	0.06266	0.04217	0.01289	0.01313	0.14515	0.05170	0.00837	0.00483	0.12770
30	0.01331	0.00712	0.00763	0.00804	0.00954	0.00701	0.00583	0.01640	0.01594	0.02682	0.02928	0.18758	0.02706	0.01252	0.00644	0.00211	0.00382	0.01062	0.59591	0.00701
31	0.04837	0.01478	0.05579	0.19155	0.06830	0.01457	0.03891	0.02551	0.13415	0.11337	0.07758	0.06010	0.05399	0.01041	0.00782	0.00250	0.00746	0.00901	0.05590	0.00993
32	0.01091	0.00748	0.00845	0.00862	0.00890	0.00731	0.00504	0.01122	0.01220	0.01602	0.03111	0.11518	0.09004	0.59710	0.03393	0.00666	0.00691	0.01274	0.00516	0.00502
33	0.01444	0.01118	0.01437	0.13193	0.02071	0.01235	0.01089	0.07136	0.11148	0.02581	0.15018	0.09986	0.03257	0.12034	0.09352	0.00442	0.00821	0.01076	0.04742	0.00822
34	0.00996	0.00774	0.00893	0.00892	0.01087	0.00684	0.00651	0.01238	0.01860	0.02424	0.28955	0.14218	0.35327	0.05224	0.01067	0.00285	0.00406	0.01592	0.00757	0.00671
35	0.01389	0.01113	0.01526	0.09263	0.06970	0.01275	0.01163	0.01822	0.06749	0.02223	0.05350	0.07697	0.05350	0.09856	0.13532	0.00487	0.10176	0.00957	0.12308	0.00793
36	0.02896	0.03695	0.02197	0.01998	0.02397	0.69638	0.01498	0.03096	0.02197	0.01898	0.01199	0.01398	0.00999	0.00799	0.00699	0.00200	0.01398	0.00499	0.00400	0.00899
37	0.01217	0.00856	0.01049	0.01093	0.01294	0.00804	0.00840	0.01547	0.04905	0.05931	0.11323	0.22179	0.22983	0.05087	0.01088	0.00314	0.00518	0.15508	0.00737	0.00727
38	0.02106	0.01936	0.01875	0.04403	0.02225	0.10023	0.01316	0.08781	0.51267	0.03164	0.02749	0.02600	0.02067	0.01001	0.00777	0.00253	0.00743	0.00810	0.00724	0.01181
39	0.22412	0.18521	0.05944	0.07587	0.06720	0.08516	0.05687	0.08361	0.04960	0.02763	0.01363	0.01590	0.01081	0.00749	0.00633	0.00222	0.00884	0.00555	0.00450	0.01001
40	0.01954	0.12367	0.15666	0.04667	0.07655	0.01677	0.01621	0.05944	0.05329	0.12673	0.05661	0.02662	0.01925	0.01490	0.08593	0.00349	0.00963	0.03853	0.03903	0.01044
41	0.01903	0.06254	0.08370	0.01392	0.02046	0.05218	0.01230	0.05462	0.10391	0.06219	0.01748	0.01868	0.01361	0.00723	0.00640	0.00170	0.00706	0.00565	0.03695	0.40041
42	0.01073	0.00953	0.04605	0.00994	0.01222	0.00767	0.00790	0.01382	0.01926	0.02626	0.40371	0.10316	0.20267	0.07884	0.01175	0.00297	0.00453	0.01441	0.00752	0.00707
43	0.01411	0.01151	0.01460	0.05785	0.07645	0.01203	0.01084	0.04107	0.15359	0.02685	0.21466	0.04721	0.13400	0.08304	0.03427	0.00337	0.00639	0.04262	0.00686	0.00868
44	0.01107	0.00783	0.00906	0.00937	0.01142	0.00683	0.00679	0.01298	0.01723	0.06532	0.09606	0.29473	0.38253	0.02037	0.00933	0.00278	0.00429	0.01763	0.00743	0.00695
45	0.02029	0.05203	0.14949	0.08643	0.15383	0.08323	0.06625	0.02637	0.06010	0.09773	0.01734	0.01971	0.01305	0.00766	0.00730	0.00223	0.00939	0.00657	0.03828	0.08273
46	0.02349	0.01688	0.07902	0.01744	0.08849	0.01362	0.01358	0.07480	0.05992	0.23994	0.02133	0.02138	0.01521	0.00798	0.00702	0.00200	0.00702	0.00654	0.04531	0.23903
47	0.74774	0.01508	0.01195	0.01065	0.01524	0.01768	0.00878	0.02261	0.01314	0.03406	0.01077	0.01279	0.00848	0.00749	0.00573	0.00244	0.03791	0.00432	0.00473	0.00840
48	0.02306	0.13430	0.13610	0.05194	0.02985	0.02121	0.17639	0.19620	0.02285	0.10807	0.01711	0.01888	0.01237	0.00785	0.00761	0.00233	0.00995	0.00698	0.00541	0.01152
49	0.01646	0.01563	0.02654	0.44493	0.30316	0.01770	0.02244	0.02140	0.01636	0.02201	0.01410	0.02008	0.01111	0.00742	0.00772	0.00247	0.00989	0.00690	0.00360	0.01008
50	0.00997	0.00782	0.00902	0.00887	0.01101	0.00687	0.00660	0.01264	0.01937	0.02531	0.33730	0.10740	0.37360	0.01827	0.00920	0.00257	0.00384	0.01569	0.00778	0.00687
51	0.07511	0.01329	0.01764	0.01360	0.01953	0.01172	0.01123	0.03698	0.02171	0.64946	0.02952	0.02565	0.01861	0.00947	0.00764	0.00240	0.00657	0.00760	0.00934	0.01294
52	0.01830	0.02092	0.04575	0.03268	0.04052	0.01961	0.65098	0.02484	0.01830	0.02484	0.01569	0.02092	0.01176	0.00654	0.00915	0.00261	0.01307	0.00915	0.00392	0.01046
53	0.00960	0.00699	0.00905	0.01040	0.01121	0.00644	0.00709	0.01128	0.01594	0.02123	0.12026	0.58446	0.11171	0.02287	0.00974	0.00302	0.00435	0.02058	0.00735	0.00644
54	0.00993	0.00719	0.00939	0.01031	0.01132	0.00664	0.00717	0.01207	0.01731	0.02356	0.25186	0.47291	0.08893	0.02130	0.00961	0.00289	0.00419	0.01914	0.00764	0.00664
55	0.01109	0.00793	0.01008	0.01064	0.01196	0.00757	0.00761	0.01299	0.01664	0.05078	0.14091	0.42788	0.17828	0.02094	0.01030	0.00292	0.03892	0.01834	0.00731	0.00691
56	0.01662	0.01002	0.01239	0.01172	0.01445	0.00965	0.00878	0.02208	0.12142	0.16470	0.15655	0.27601	0.11016	0.01697	0.00892	0.00272	0.00499	0.01486	0.00806	0.00892
57	0.14616	0.13870	0.22399	0.04924	0.08201	0.01930	0.01807	0.07874	0.01844	0.10817	0.03789	0.01838	0.01343	0.00792	0.00675	0.00229	0.00869	0.00602	0.00492	0.01088

[dist]
# distance from previous block
# <min> <max>
4	6

[block]
# block no. 11 follows, 25 sequences, length 7
# corresponding to MSA columns:
# 510-516
name=unknown_L
#
# <colnr> <probs for GDERKNQSTAVLIFYWHMCP>
#	G	D	E	R	K	N	Q	S	T	A	V	L	I	F	Y	W	H	M	C	P
0	0.07242	0.00899	0.01218	0.01185	0.01229	0.01018	0.00856	0.01255	0.01140	0.01696	0.01752	0.13590	0.01874	0.02287	0.02424	0.46688	0.11828	0.00905	0.00411	0.00504
1	0.00962	0.00740	0.00880	0.00944	0.01100	0.00658	0.00670	0.01164	0.01728	0.02234	0.17398	0.34333	0.30225	0.02089	0.00947	0.00281	0.00412	0.01831	0.00745	0.00658
2	0.05743	0.01583	0.02073	0.04932	0.07837	0.01506	0.04586	0.10571	0.01912	0.08995	0.01575	0.01800	0.01222	0.00745	0.00803	0.00189	0.05885	0.00589	0.00525	0.36929
3	0.01994	0.01548	0.02098	0.07917	0.07193	0.01500	0.04842	0.06567	0.07416	0.11137	0.01766	0.01966	0.01350	0.00786	0.00851	0.00200	0.06750	0.00634	0.00543	0.32941
4	0.08315	0.27568	0.08582	0.01660	0.02243	0.13441	0.04754	0.07710	0.08159	0.02460	0.01686	0.01828	0.03821	0.00837	0.00727	0.00215	0.03929	0.00597	0.00454	0.01011
5	0.01941	0.01686	0.01577	0.01414	0.01736	0.14697	0.01089	0.10003	0.08172	0.08143	0.14324	0.10815	0.11166	0.01616	0.04819	0.00306	0.03815	0.01088	0.00680	0.00914
6	0.05492	0.05062	0.01624	0.01400	0.01717	0.27713	0.01063	0.05747	0.02030	0.02432	0.13371	0.09071	0.09837	0.03274	0.00851	0.00240	0.00846	0.00959	0.06450	0.00821

[dist]
# distance from previous block
# <min> <max>
2	5

[block]
# block no. 12 follows, 25 sequences, length 7
# corresponding to MSA columns:
# 522-528
name=unknown_M
#
# <colnr> <probs for GDERKNQSTAVLIFYWHMCP>
#	G	D	E	R	K	N	Q	S	T	A	V	L	I	F	Y	W	H	M	C	P
0	0.08512	0.01286	0.01601	0.01285	0.01780	0.01158	0.04294	0.06706	0.01917	0.13084	0.09889	0.08100	0.08431	0.01113	0.00750	0.00214	0.00606	0.03454	0.00656	0.25168
1	0.01223	0.00827	0.00934	0.00931	0.01017	0.00841	0.00598	0.01518	0.07301	0.02042	0.08385	0.11595	0.03295	0.42882	0.02622	0.00539	0.00621	0.01185	0.11032	0.00613
2	0.01525	0.01278	0.01567	0.10468	0.02161	0.01138	0.01054	0.02050	0.07325	0.02571	0.07971	0.02536	0.05146	0.00825	0.00666	0.00170	0.00598	0.00688	0.05427	0.44837
3	0.02524	0.01746	0.04375	0.01768	0.06771	0.04096	0.01355	0.12055	0.21420	0.23731	0.02531	0.02425	0.01804	0.01126	0.03604	0.00277	0.00789	0.00755	0.00745	0.06104
4	0.01856	0.01295	0.01530	0.01319	0.01691	0.01338	0.01027	0.13926	0.12037	0.09772	0.07242	0.07613	0.05855	0.07295	0.14430	0.00469	0.00915	0.00961	0.00671	0.08758
5	0.08357	0.01672	0.06698	0.06362	0.02119	0.06082	0.01196	0.04652	0.01765	0.02597	0.05598	0.02829	0.07818	0.00928	0.00692	0.00193	0.00705	0.04629	0.00513	0.34596
6	0.01635	0.10432	0.06352	0.15670	0.07094	0.01589	0.01484	0.01977	0.01539	0.06309	0.01908	0.11348	0.01806	0.05102	0.05967	0.00335	0.07331	0.00855	0.00459	0.10806

[dist]
# distance from previous block
# <min> <max>
3	20

[block]
# block no. 13 follows, 25 sequences, length 32
# corresponding to MSA columns:
# 549-565,567-581
name=unknown_N
#
# <colnr> <probs for GDERKNQSTAVLIFYWHMCP>
#	G	D	E	R	K	N	Q	S	T	A	V	L	I	F	Y	W	H	M	C	P
