[name]
unknown

[dist]
# distance from previous block
# <min> <max>
0	35

[block]
# block no. 0 follows, 29 sequences, length 21
# corresponding to MSA columns:
# 35-55
name=unknown_A
#
# <colnr> <probs for GDERKNQSTAVLIFYWHMCP>
#	G	D	E	R	K	N	Q	S	T	A	V	L	I	F	Y	W	H	M	C	P
0	0.01147	0.00820	0.01147	0.01311	0.01475	0.00820	0.01147	0.01475	0.01639	0.02131	0.03770	0.08032	0.04098	0.01967	0.00984	0.00328	0.00656	0.65741	0.00656	0.00656
1	0.80005	0.01377	0.01047	0.00936	0.01377	0.01597	0.00771	0.02093	0.01212	0.03195	0.00991	0.01157	0.00771	0.00661	0.00441	0.00220	0.00551	0.00386	0.00441	0.00771
2	0.00904	0.00663	0.00851	0.00951	0.01049	0.00610	0.00668	0.01086	0.01537	0.02050	0.17421	0.49308	0.13516	0.02012	0.00890	0.00272	0.00401	0.04523	0.00685	0.00603
3	0.01009	0.00702	0.00890	0.00912	0.00954	0.00734	0.00595	0.01099	0.01110	0.01516	0.02362	0.13107	0.02626	0.45274	0.23290	0.00771	0.01010	0.01083	0.00446	0.00510
4	0.74699	0.01398	0.01172	0.01169	0.06067	0.01604	0.00867	0.02099	0.01240	0.03136	0.01015	0.01198	0.00795	0.00659	0.00459	0.00220	0.00571	0.00402	0.00435	0.00795
5	0.01100	0.00719	0.00923	0.01040	0.01158	0.00708	0.00815	0.01348	0.01486	0.02105	0.03386	0.25439	0.03662	0.06967	0.01042	0.00307	0.00518	0.28707	0.17952	0.00620
6	0.01121	0.00870	0.01189	0.10450	0.01779	0.00913	0.01062	0.01544	0.07570	0.02053	0.03599	0.28449	0.07162	0.01794	0.00894	0.00291	0.00591	0.27362	0.00620	0.00687
7	0.01739	0.01700	0.02504	0.26382	0.37127	0.07382	0.01982	0.05531	0.01656	0.02200	0.01298	0.01757	0.01049	0.00705	0.00772	0.00222	0.04032	0.00620	0.00359	0.00983
8	0.01032	0.00706	0.00857	0.00857	0.00884	0.00734	0.00531	0.01087	0.01059	0.01440	0.02170	0.04255	0.02413	0.59823	0.18536	0.00789	0.00955	0.00976	0.00421	0.00476
9	0.02594	0.01085	0.01421	0.01133	0.01601	0.00934	0.00921	0.02851	0.01947	0.53217	0.06469	0.03506	0.16904	0.01106	0.00748	0.00225	0.00542	0.00911	0.00829	0.01057
10	0.01245	0.01104	0.01691	0.10703	0.02000	0.01379	0.04300	0.01504	0.01185	0.01708	0.01542	0.02374	0.01437	0.06541	0.36672	0.00728	0.22109	0.00722	0.00355	0.00702
11	0.07491	0.05328	0.09461	0.04031	0.06951	0.06032	0.01385	0.15261	0.13474	0.15721	0.04569	0.02063	0.01595	0.00829	0.00676	0.00217	0.00738	0.00654	0.02463	0.01058
12	0.01866	0.02063	0.02167	0.04201	0.05192	0.21502	0.01549	0.02051	0.01382	0.01753	0.01009	0.01502	0.00939	0.01060	0.01742	0.00269	0.48037	0.00578	0.00329	0.00808
13	0.29314	0.01616	0.06391	0.25117	0.05697	0.04425	0.01508	0.01983	0.01329	0.02336	0.01110	0.01522	0.00887	0.00780	0.00886	0.00240	0.13152	0.00530	0.00362	0.00815
14	0.00866	0.00627	0.00819	0.00972	0.01028	0.00580	0.00652	0.00994	0.01382	0.01825	0.04158	0.69714	0.09356	0.02201	0.00904	0.00286	0.00409	0.01987	0.00661	0.00580
15	0.01211	0.00890	0.01083	0.00975	0.01202	0.00863	0.00748	0.09915	0.02151	0.02980	0.55589	0.04995	0.11820	0.01410	0.00824	0.00224	0.00396	0.01224	0.00763	0.00735
16	0.01575	0.01480	0.02456	0.16497	0.45069	0.01572	0.01912	0.01979	0.01602	0.02262	0.10158	0.02232	0.01802	0.00794	0.00828	0.00224	0.05457	0.00718	0.00399	0.00985
17	0.01752	0.01564	0.02163	0.18646	0.08857	0.01892	0.01608	0.15221	0.01707	0.02409	0.01235	0.01679	0.01022	0.00923	0.01319	0.00247	0.28809	0.00612	0.00407	0.07929
18	0.01597	0.15169	0.04971	0.21777	0.03050	0.01832	0.15071	0.07807	0.01621	0.02131	0.01606	0.11053	0.01474	0.00921	0.00847	0.00232	0.06770	0.00804	0.00402	0.00866
19	0.07558	0.01423	0.01564	0.01261	0.01732	0.04632	0.01019	0.19403	0.02211	0.30474	0.03064	0.05603	0.12973	0.01050	0.00717	0.00220	0.00630	0.00837	0.00729	0.02901
20	0.01102	0.00846	0.00948	0.00934	0.01135	0.00802	0.00682	0.09326	0.01753	0.02245	0.09717	0.26993	0.33358	0.05601	0.00991	0.00275	0.00445	0.01519	0.00664	0.00666

[dist]
# distance from previous block
# <min> <max>
0	1

[block]
# block no. 1 follows, 29 sequences, length 29
# corresponding to MSA columns:
# 57-85
name=unknown_B
#
# <colnr> <probs for GDERKNQSTAVLIFYWHMCP>
#	G	D	E	R	K	N	Q	S	T	A	V	L	I	F	Y	W	H	M	C	P
0	0.03679	0.01470	0.02143	0.14798	0.09452	0.01576	0.10322	0.11230	0.15968	0.08074	0.09070	0.02503	0.01999	0.03540	0.00844	0.00246	0.00760	0.00782	0.00564	0.00981
1	0.01699	0.01109	0.01298	0.01173	0.01528	0.01095	0.00927	0.02472	0.21995	0.16803	0.03861	0.10551	0.16703	0.01325	0.00780	0.00242	0.00525	0.08662	0.00709	0.06545
2	0.01621	0.01759	0.14383	0.01283	0.01985	0.01170	0.01216	0.06528	0.01633	0.05196	0.01360	0.01535	0.01066	0.00592	0.00575	0.00140	0.00645	0.00468	0.00438	0.56408
3	0.07223	0.01300	0.03290	0.07501	0.08823	0.01151	0.01144	0.02148	0.01568	0.16458	0.01795	0.06945	0.01463	0.00790	0.00668	0.00182	0.02414	0.00650	0.03643	0.30845
4	0.76328	0.01384	0.01073	0.00961	0.01399	0.01606	0.00788	0.02173	0.04409	0.03185	0.01081	0.01227	0.00837	0.00675	0.00454	0.00221	0.00551	0.00405	0.00454	0.00788
5	0.01244	0.03493	0.01087	0.00972	0.01170	0.00846	0.00742	0.01564	0.04557	0.07214	0.20824	0.10413	0.11775	0.09283	0.09573	0.00388	0.00636	0.05763	0.07762	0.00693
6	0.04293	0.00823	0.01111	0.01213	0.04233	0.00846	0.00877	0.01400	0.01399	0.04529	0.08203	0.14098	0.03204	0.15981	0.18694	0.00565	0.00910	0.16427	0.00546	0.00647
7	0.01589	0.01296	0.01397	0.01285	0.01628	0.01437	0.00987	0.03056	0.48987	0.05276	0.05855	0.10479	0.11251	0.01213	0.00762	0.00245	0.00516	0.01030	0.00718	0.00993
8	0.01477	0.01266	0.01477	0.01055	0.01687	0.00949	0.00844	0.01793	0.01477	0.02320	0.01266	0.01477	0.01055	0.00527	0.00527	0.00105	0.00527	0.00422	0.00422	0.79328
9	0.00875	0.00712	0.00775	0.00781	0.00988	0.00612	0.00578	0.01079	0.01671	0.02088	0.18703	0.13349	0.51745	0.01781	0.00848	0.00242	0.00361	0.01515	0.00684	0.00612
10	0.03195	0.01212	0.01652	0.01267	0.01818	0.01047	0.01047	0.03470	0.02038	0.71026	0.02809	0.02424	0.01763	0.00881	0.00716	0.00220	0.00606	0.00716	0.00881	0.01212
11	0.00978	0.00727	0.00910	0.00864	0.01045	0.00659	0.00648	0.01286	0.01945	0.02688	0.58847	0.05595	0.18134	0.01518	0.00840	0.00227	0.00340	0.01326	0.00762	0.00659
12	0.01904	0.75404	0.03731	0.01218	0.01828	0.02818	0.01218	0.02132	0.01447	0.01675	0.00990	0.01142	0.00914	0.00609	0.00457	0.00152	0.00761	0.00381	0.00305	0.00914
13	0.01038	0.00798	0.00969	0.01055	0.01180	0.00803	0.00739	0.01521	0.13904	0.02078	0.06489	0.54239	0.08571	0.01941	0.00868	0.00275	0.00434	0.01738	0.00677	0.00684
14	0.01237	0.00618	0.00928	0.00928	0.00928	0.00618	0.00618	0.00928	0.00928	0.01237	0.01237	0.02165	0.01237	0.02474	0.02783	0.79283	0.00618	0.00618	0.00309	0.00309
15	0.02660	0.03394	0.02018	0.01834	0.02201	0.72116	0.01376	0.02843	0.02018	0.01743	0.01101	0.01284	0.00917	0.00734	0.00642	0.00183	0.01284	0.00459	0.00367	0.00825
16	0.01008	0.00728	0.00952	0.00896	0.01064	0.00672	0.00672	0.01344	0.02016	0.02855	0.70158	0.05319	0.06719	0.01456	0.00840	0.00224	0.00336	0.01288	0.00784	0.00672
17	0.01096	0.00783	0.01088	0.01252	0.01394	0.00775	0.01058	0.01386	0.01588	0.02073	0.03799	0.20272	0.04211	0.02016	0.00970	0.00321	0.00611	0.54009	0.00657	0.00641
18	0.01082	0.00820	0.01147	0.01133	0.01271	0.00944	0.00864	0.01459	0.06844	0.01737	0.02024	0.02972	0.01894	0.11956	0.59292	0.01023	0.01673	0.00794	0.00415	0.00656
19	0.13596	0.01393	0.01434	0.01292	0.01683	0.01556	0.01002	0.03079	0.46374	0.02840	0.02573	0.09534	0.02120	0.01010	0.00683	0.00232	0.00543	0.00831	0.00649	0.07575
20	0.00863	0.00638	0.00807	0.00942	0.01020	0.00583	0.00639	0.00997	0.01411	0.01837	0.04530	0.62053	0.16776	0.02152	0.00896	0.00280	0.00403	0.01928	0.00661	0.00583
21	0.01016	0.00728	0.00986	0.01089	0.01213	0.00698	0.00853	0.01279	0.01654	0.02232	0.22537	0.29200	0.05039	0.01910	0.00918	0.00286	0.00486	0.26549	0.00694	0.00635
22	0.01320	0.02612	0.43769	0.14921	0.02995	0.01433	0.02105	0.01956	0.01519	0.02177	0.07949	0.06844	0.01826	0.02827	0.00798	0.00246	0.00906	0.02502	0.00385	0.00912
23	0.01581	0.01507	0.02564	0.34206	0.42111	0.01644	0.02095	0.02027	0.01536	0.02107	0.01307	0.01821	0.01051	0.00668	0.00708	0.00223	0.00891	0.00634	0.00337	0.00982
24	0.01071	0.00785	0.00982	0.00982	0.01087	0.00826	0.00696	0.04065	0.01323	0.01796	0.03067	0.17370	0.11634	0.24126	0.21800	0.00635	0.03206	0.01167	0.02792	0.00591
25	0.01603	0.17057	0.04587	0.01541	0.01967	0.01508	0.15076	0.01945	0.01449	0.08837	0.01727	0.02221	0.01444	0.04285	0.24608	0.00527	0.01193	0.00685	0.06909	0.00831
26	0.05560	0.01387	0.02043	0.17831	0.02722	0.01327	0.11741	0.05987	0.01594	0.02346	0.01514	0.01852	0.03219	0.00802	0.02931	0.00207	0.00786	0.00593	0.00413	0.35145
27	0.13553	0.17419	0.13299	0.27356	0.06276	0.01848	0.01676	0.04050	0.01500	0.02215	0.03826	0.01681	0.01145	0.00706	0.00615	0.00212	0.00831	0.00550	0.00362	0.00880
28	0.12519	0.01572	0.03847	0.09559	0.16807	0.09523	0.03660	0.02073	0.03583	0.05687	0.01542	0.01989	0.01277	0.02007	0.20809	0.00478	0.01162	0.00629	0.00408	0.00866

[dist]
# distance from previous block
# <min> <max>
1	4

[block]
# block no. 2 follows, 29 sequences, length 34
# corresponding to MSA columns:
# 90-123
name=unknown_C
#
# <colnr> <probs for GDERKNQSTAVLIFYWHMCP>
#	G	D	E	R	K	N	Q	S	T	A	V	L	I	F	Y	W	H	M	C	P
0	0.01248	0.05602	0.05662	0.01246	0.01510	0.01104	0.02585	0.01672	0.06007	0.03765	0.13566	0.09034	0.07283	0.02270	0.16193	0.00446	0.04249	0.13244	0.02573	0.00743
1	0.12107	0.44429	0.07345	0.01324	0.01842	0.02365	0.01274	0.04304	0.03810	0.02056	0.01136	0.01362	0.00991	0.00930	0.04014	0.00235	0.08769	0.00459	0.00355	0.00894
2	0.13679	0.18792	0.02189	0.15420	0.05526	0.08366	0.01282	0.09600	0.01691	0.02426	0.01286	0.01552	0.01031	0.00689	0.00571	0.00189	0.00766	0.00506	0.06900	0.07538
3	0.02013	0.01977	0.23137	0.01477	0.02132	0.01268	0.01511	0.07954	0.01870	0.23092	0.07823	0.02657	0.01965	0.00905	0.00710	0.00215	0.00729	0.06041	0.00596	0.11928
4	0.02237	0.01644	0.13214	0.01386	0.01923	0.01274	0.01275	0.09912	0.09826	0.31093	0.04792	0.10275	0.05804	0.01066	0.00741	0.00232	0.00653	0.00886	0.00709	0.01058
5	0.01276	0.00895	0.01197	0.13093	0.01828	0.00893	0.00961	0.01633	0.04195	0.09247	0.20949	0.10920	0.20617	0.01461	0.00823	0.00247	0.00520	0.07851	0.00659	0.00736
6	0.01825	0.01643	0.01635	0.01473	0.01873	0.06055	0.01142	0.03726	0.65153	0.02903	0.02789	0.02573	0.02097	0.00952	0.00720	0.00238	0.00607	0.00784	0.00703	0.01109
7	0.01471	0.00800	0.01034	0.00995	0.01201	0.00721	0.00725	0.01665	0.01644	0.18856	0.15503	0.31601	0.11331	0.07740	0.01067	0.00289	0.00464	0.01437	0.00717	0.00740
8	0.01459	0.01527	0.06158	0.44357	0.15088	0.01718	0.01969	0.01884	0.01398	0.01908	0.01216	0.01789	0.00973	0.00798	0.01016	0.00246	0.14690	0.00625	0.00321	0.00859
9	0.08118	0.00834	0.00818	0.00768	0.00990	0.00871	0.00592	0.07201	0.01623	0.02852	0.02159	0.02449	0.01685	0.00817	0.00511	0.00174	0.00388	0.00638	0.65793	0.00718
10	0.00900	0.00643	0.00807	0.00924	0.00974	0.00603	0.00603	0.01003	0.01317	0.01736	0.03855	0.54298	0.09832	0.17265	0.01466	0.00368	0.00466	0.01775	0.00613	0.00550
11	0.09835	0.00850	0.01006	0.00985	0.01168	0.00895	0.00749	0.03823	0.01479	0.04578	0.11085	0.09687	0.02841	0.11169	0.17416	0.00495	0.00820	0.06422	0.14025	0.00671
12	0.03874	0.01451	0.01842	0.05892	0.02041	0.01594	0.06799	0.27391	0.04685	0.03125	0.09334	0.02852	0.02132	0.07117	0.01081	0.00269	0.05697	0.04725	0.07182	0.00917
13	0.00903	0.00646	0.00862	0.00995	0.01062	0.00605	0.00689	0.01069	0.01474	0.01986	0.13570	0.60764	0.04969	0.02103	0.00903	0.00282	0.00415	0.05426	0.00679	0.00596
14	0.00896	0.00632	0.00818	0.00955	0.00990	0.00597	0.00623	0.00999	0.01308	0.01744	0.03643	0.62801	0.04354	0.14426	0.01364	0.00356	0.00460	0.01859	0.00623	0.00554
15	0.07018	0.01463	0.02180	0.45444	0.14563	0.01705	0.01823	0.13017	0.01763	0.02441	0.01333	0.01795	0.01009	0.00720	0.00692	0.00228	0.00878	0.00618	0.00397	0.00913
16	0.00942	0.00675	0.00901	0.00997	0.01091	0.00634	0.00718	0.01154	0.01596	0.02174	0.24424	0.45756	0.05265	0.01962	0.00896	0.00273	0.00416	0.08814	0.00698	0.00616
17	0.00908	0.00637	0.00814	0.00940	0.00971	0.00605	0.00606	0.01002	0.01284	0.01712	0.03519	0.57650	0.04198	0.19790	0.01564	0.00386	0.00480	0.01786	0.00606	0.00543
18	0.02081	0.04307	0.01972	0.01586	0.01935	0.07652	0.04959	0.11066	0.14601	0.15084	0.02137	0.10278	0.01795	0.01085	0.01065	0.00246	0.15756	0.00827	0.00593	0.00976
19	0.01654	0.01692	0.03135	0.13456	0.31947	0.01765	0.23588	0.02114	0.01555	0.02173	0.01318	0.01811	0.01066	0.00700	0.00926	0.00235	0.08830	0.00700	0.00345	0.00988
20	0.01477	0.01390	0.02346	0.46537	0.27030	0.01584	0.02010	0.01928	0.01501	0.02006	0.01407	0.02136	0.01156	0.00744	0.00722	0.00233	0.00901	0.03649	0.00344	0.00899
21	0.04595	0.01814	0.02029	0.06465	0.02310	0.01989	0.01335	0.51491	0.05419	0.12545	0.01842	0.01833	0.01286	0.00848	0.00706	0.00217	0.00759	0.00649	0.00700	0.01168
22	0.01036	0.00691	0.00924	0.00982	0.01088	0.00730	0.00721	0.01263	0.01300	0.01939	0.02701	0.27593	0.02805	0.03233	0.31111	0.00625	0.01030	0.01177	0.18429	0.00622
23	0.01023	0.00741	0.01032	0.01032	0.01120	0.00829	0.00750	0.01199	0.01111	0.01570	0.02010	0.03368	0.02028	0.26680	0.51153	0.01005	0.01534	0.00846	0.00397	0.00573
24	0.01477	0.01266	0.01477	0.01055	0.01687	0.00949	0.00844	0.01793	0.01477	0.02320	0.01266	0.01477	0.01055	0.00527	0.00527	0.00105	0.00527	0.00422	0.00422	0.79328
25	0.00875	0.00723	0.00768	0.00757	0.00983	0.00616	0.00568	0.01087	0.01703	0.02113	0.20012	0.06541	0.57328	0.01733	0.00841	0.00237	0.00356	0.01459	0.00686	0.00616
26	0.01036	0.00690	0.00777	0.00777	0.00777	0.00690	0.00431	0.01036	0.01036	0.01381	0.02244	0.04660	0.02589	0.74975	0.03624	0.00690	0.00690	0.01036	0.00431	0.00431
27	0.01008	0.00728	0.00952	0.00896	0.01064	0.00672	0.00672	0.01344	0.02016	0.02855	0.70158	0.05319	0.06719	0.01456	0.00840	0.00224	0.00336	0.01288	0.00784	0.00672
28	0.01923	0.01389	0.01562	0.01358	0.01728	0.01503	0.01068	0.24010	0.21411	0.08317	0.08301	0.16697	0.02766	0.01246	0.00775	0.00242	0.00594	0.03389	0.00722	0.00999
29	0.01852	0.67564	0.11116	0.01307	0.01965	0.02690	0.01373	0.02146	0.01453	0.01739	0.01021	0.01182	0.00913	0.00617	0.00481	0.00160	0.00793	0.00397	0.00304	0.00929
30	0.14536	0.01433	0.06207	0.56757	0.04201	0.01589	0.01815	0.01892	0.01393	0.02077	0.01220	0.01750	0.00916	0.00701	0.00664	0.00234	0.00889	0.00585	0.00336	0.00804
31	0.66755	0.01342	0.01100	0.00975	0.01407	0.01530	0.00797	0.02260	0.05461	0.07286	0.01283	0.01398	0.00968	0.00701	0.00478	0.00219	0.00544	0.00445	0.04236	0.00815
32	0.01335	0.01094	0.05529	0.13136	0.01935	0.00978	0.01051	0.01728	0.04868	0.10023	0.15264	0.04385	0.22517	0.05638	0.05291	0.00316	0.00656	0.02892	0.00601	0.00762
33	0.01672	0.26647	0.06290	0.07571	0.07876	0.05760	0.01386	0.06264	0.01515	0.01951	0.01345	0.01827	0.01198	0.04410	0.15729	0.00412	0.06354	0.00574	0.00361	0.00859

[dist]
# distance from previous block
# <min> <max>
1	5

[block]
# block no. 3 follows, 29 sequences, length 17
# corresponding to MSA columns:
# 129-145
name=unknown_D
#
# <colnr> <probs for GDERKNQSTAVLIFYWHMCP>
#	G	D	E	R	K	N	Q	S	T	A	V	L	I	F	Y	W	H	M	C	P
0	0.04669	0.01393	0.02023	0.16684	0.16737	0.01366	0.03385	0.01993	0.01498	0.05970	0.01339	0.01680	0.01069	0.00659	0.00731	0.00182	0.05250	0.00549	0.00403	0.32421
1	0.05561	0.03940	0.01495	0.01523	0.11335	0.01089	0.01011	0.02041	0.07252	0.14122	0.27923	0.10945	0.06434	0.01221	0.00762	0.00227	0.00510	0.01061	0.00680	0.00868
2	0.01577	0.01192	0.01698	0.01964	0.18050	0.01262	0.01239	0.04608	0.04212	0.09285	0.13243	0.14259	0.06230	0.01243	0.00998	0.00243	0.11133	0.02147	0.04544	0.00872
3	0.01246	0.01091	0.01702	0.18969	0.05776	0.01288	0.04454	0.01496	0.01265	0.01747	0.01847	0.12851	0.01875	0.11167	0.14991	0.02651	0.13576	0.00917	0.00396	0.00696
4	0.59750	0.10073	0.01516	0.01071	0.01550	0.01828	0.00907	0.11648	0.01548	0.03205	0.01095	0.01235	0.00851	0.00683	0.00482	0.00211	0.00609	0.00422	0.00464	0.00851
5	0.02723	0.01262	0.01962	0.01503	0.02029	0.01137	0.10699	0.03043	0.01882	0.53023	0.02507	0.02394	0.01666	0.01359	0.09040	0.00331	0.00843	0.00739	0.00748	0.01108
6	0.01690	0.01964	0.12695	0.03741	0.52799	0.01743	0.02177	0.02141	0.01543	0.02245	0.01283	0.01701	0.01073	0.00712	0.00891	0.00225	0.09343	0.00617	0.00340	0.01076
7	0.02877	0.01823	0.11761	0.01443	0.02045	0.09397	0.01314	0.03222	0.01958	0.53030	0.02389	0.02158	0.01540	0.00835	0.00702	0.00217	0.00749	0.00659	0.00738	0.01144
8	0.01114	0.00894	0.00938	0.00884	0.01150	0.00831	0.00672	0.10724	0.01844	0.02283	0.06053	0.13608	0.53001	0.01714	0.00830	0.00242	0.00428	0.01436	0.00669	0.00687
9	0.04157	0.09508	0.01392	0.01049	0.01317	0.01018	0.00833	0.01787	0.01724	0.15156	0.26002	0.17338	0.04121	0.05131	0.00924	0.00259	0.00501	0.06326	0.00684	0.00773
10	0.02403	0.01398	0.01758	0.01404	0.01848	0.01445	0.01148	0.08730	0.11734	0.32837	0.02166	0.02103	0.01523	0.00905	0.00979	0.00223	0.13645	0.00663	0.00675	0.12414
11	0.01766	0.01784	0.06573	0.21000	0.03068	0.06805	0.12316	0.05936	0.19824	0.05058	0.01810	0.02046	0.01358	0.00807	0.00813	0.00235	0.04856	0.00697	0.02286	0.00961
12	0.02250	0.01333	0.01580	0.04814	0.01910	0.01407	0.01091	0.03411	0.35691	0.28372	0.02742	0.02532	0.01934	0.00912	0.00704	0.00228	0.00581	0.00753	0.06649	0.01108
13	0.01399	0.01212	0.01473	0.01435	0.05891	0.04102	0.02876	0.01952	0.10944	0.02349	0.09272	0.04381	0.08232	0.01218	0.00768	0.00225	0.00609	0.19801	0.00577	0.21282
14	0.02367	0.01325	0.01616	0.09572	0.02088	0.04166	0.01132	0.07541	0.12337	0.34091	0.05439	0.06924	0.02058	0.00973	0.00719	0.00225	0.00641	0.00807	0.04937	0.01042
15	0.02045	0.10153	0.06713	0.06819	0.02419	0.01606	0.13817	0.05659	0.06562	0.20952	0.04934	0.06676	0.01771	0.00910	0.00831	0.00229	0.05558	0.00786	0.00565	0.00992
16	0.17005	0.07235	0.05283	0.15772	0.06534	0.01443	0.04816	0.01936	0.04087	0.02400	0.07032	0.02159	0.01642	0.01158	0.06638	0.00290	0.00790	0.00645	0.12324	0.00811

[dist]
# distance from previous block
# <min> <max>
12	90

[block]
# block no. 4 follows, 29 sequences, length 125
# corresponding to MSA columns:
# 253-377
name=unknown_E
#
# <colnr> <probs for GDERKNQSTAVLIFYWHMCP>
#	G	D	E	R	K	N	Q	S	T	A	V	L	I	F	Y	W	H	M	C	P
0	0.15834	0.01000	0.01322	0.10207	0.05422	0.01070	0.00986	0.01577	0.01215	0.05544	0.01402	0.01998	0.01218	0.02093	0.13724	0.27203	0.00876	0.00594	0.00387	0.06329
1	0.08452	0.01617	0.01984	0.07110	0.11491	0.01705	0.01360	0.30798	0.02359	0.14681	0.01730	0.01836	0.01251	0.00972	0.03725	0.00249	0.00786	0.00622	0.00606	0.06667
2	0.08321	0.06440	0.04202	0.04675	0.07053	0.01627	0.01243	0.15833	0.13475	0.15485	0.01927	0.01941	0.01403	0.00782	0.00646	0.00204	0.00668	0.00618	0.03945	0.09512
3	0.07305	0.01284	0.01753	0.20654	0.09777	0.01413	0.01384	0.08058	0.06645	0.06700	0.02047	0.10934	0.01853	0.01039	0.00789	0.00237	0.03728	0.06145	0.02774	0.05481
4	0.04252	0.05474	0.05038	0.12067	0.17643	0.01529	0.01491	0.09348	0.01770	0.13751	0.03824	0.04880	0.01534	0.03292	0.00851	0.00229	0.03906	0.00692	0.00504	0.07925
5	0.08257	0.10181	0.07003	0.01566	0.07463	0.07840	0.01234	0.06781	0.04502	0.02364	0.01509	0.06917	0.01345	0.00941	0.03025	0.00214	0.03646	0.00612	0.00436	0.24163
6	0.05616	0.01325	0.01543	0.06566	0.01938	0.04310	0.01085	0.04803	0.15588	0.32299	0.03126	0.03132	0.10342	0.01037	0.00731	0.00232	0.00627	0.03951	0.00723	0.01025
7	0.03793	0.01144	0.01451	0.07053	0.01825	0.01053	0.00976	0.01789	0.01464	0.09186	0.01984	0.17982	0.01920	0.01027	0.00801	0.00190	0.06842	0.00845	0.00505	0.38172
8	0.01607	0.01429	0.02281	0.35475	0.26757	0.01559	0.01854	0.02156	0.06520	0.04988	0.01475	0.01895	0.01143	0.00696	0.00695	0.00217	0.00837	0.00632	0.00391	0.07392
9	0.00964	0.00742	0.00915	0.00952	0.01124	0.00644	0.00670	0.01136	0.01451	0.01955	0.06713	0.49009	0.15222	0.01863	0.00835	0.00250	0.00419	0.01658	0.00629	0.12851
10	0.02231	0.01386	0.01657	0.01381	0.01714	0.04817	0.01116	0.13225	0.01932	0.25974	0.04987	0.07260	0.04021	0.01276	0.04144	0.00278	0.15173	0.00808	0.05658	0.00963
11	0.01376	0.01290	0.01832	0.01625	0.01668	0.01747	0.01333	0.01565	0.01109	0.01693	0.01262	0.01975	0.01219	0.02624	0.25833	0.00592	0.49521	0.00670	0.00335	0.00731
12	0.08623	0.01404	0.02305	0.29830	0.21812	0.01570	0.07785	0.01903	0.01448	0.02112	0.01462	0.06635	0.01277	0.00997	0.03758	0.00274	0.04834	0.00727	0.00367	0.00875
13	0.00917	0.00652	0.00833	0.00947	0.01003	0.00615	0.00634	0.01042	0.01366	0.01817	0.07638	0.51667	0.07591	0.15450	0.01401	0.00358	0.00467	0.04416	0.00626	0.00561
14	0.01327	0.00664	0.00664	0.00664	0.00830	0.00664	0.00498	0.01659	0.01493	0.02655	0.02323	0.02655	0.01825	0.00830	0.00498	0.00166	0.00332	0.00664	0.78928	0.00664
15	0.01217	0.00766	0.00992	0.00983	0.01168	0.00707	0.00764	0.01402	0.01656	0.08072	0.23127	0.08251	0.19138	0.01779	0.01165	0.12565	0.00478	0.14473	0.00659	0.00639
16	0.02087	0.16020	0.02531	0.20274	0.02902	0.15221	0.05095	0.19756	0.02051	0.02509	0.01296	0.01576	0.01013	0.00751	0.00727	0.00208	0.04046	0.00565	0.00431	0.00941
17	0.00930	0.00685	0.00877	0.00978	0.01075	0.00646	0.00685	0.01168	0.03860	0.02061	0.15925	0.52101	0.10319	0.02006	0.00887	0.00273	0.00408	0.03812	0.00685	0.00618
18	0.00856	0.00702	0.00755	0.00784	0.00982	0.00601	0.00572	0.01035	0.01595	0.01957	0.10215	0.19983	0.53762	0.01867	0.00855	0.00249	0.00369	0.01592	0.00668	0.00601
19	0.01449	0.01346	0.02123	0.55799	0.10411	0.01621	0.01864	0.02159	0.12005	0.02046	0.01527	0.02004	0.01156	0.00744	0.00713	0.00236	0.00880	0.00660	0.00383	0.00874
20	0.01927	0.01059	0.01408	0.01241	0.01498	0.01111	0.00969	0.02256	0.07061	0.26437	0.02461	0.08901	0.02139	0.11565	0.10754	0.03861	0.09863	0.04017	0.00619	0.00854
21	0.01257	0.00815	0.01063	0.01134	0.01283	0.00791	0.00853	0.06255	0.01627	0.07763	0.03635	0.48266	0.04072	0.01959	0.00895	0.00287	0.00511	0.16158	0.00682	0.00694
22	0.80005	0.01377	0.01047	0.00936	0.01377	0.01597	0.00771	0.02093	0.01212	0.03195	0.00991	0.01157	0.00771	0.00661	0.00441	0.00220	0.00551	0.00386	0.00441	0.00771
23	0.01022	0.00743	0.01043	0.01043	0.01135	0.00835	0.00764	0.01207	0.01114	0.01578	0.02000	0.03310	0.02003	0.24510	0.53288	0.01019	0.01572	0.00838	0.00395	0.00580
24	0.02263	0.07324	0.01738	0.01161	0.01756	0.01145	0.00963	0.02554	0.01720	0.32307	0.01918	0.01863	0.01353	0.00689	0.00604	0.00160	0.00581	0.00547	0.00613	0.38741
25	0.01135	0.00882	0.01217	0.01192	0.01362	0.01027	0.00927	0.01663	0.11751	0.01859	0.02062	0.02775	0.01841	0.04659	0.61028	0.01004	0.01698	0.00769	0.00435	0.00712
26	0.01003	0.00757	0.00930	0.00887	0.01076	0.00701	0.00665	0.01371	0.04706	0.02647	0.53087	0.07506	0.18960	0.01526	0.00837	0.00230	0.00352	0.01331	0.00754	0.00674
27	0.02059	0.25778	0.08387	0.01549	0.02014	0.33045	0.01358	0.02323	0.01657	0.01752	0.01207	0.01494	0.01049	0.01407	0.11724	0.00327	0.01196	0.00487	0.00344	0.00843
28	0.02314	0.01266	0.01539	0.01242	0.01668	0.01250	0.01002	0.19190	0.05213	0.29261	0.22318	0.03111	0.03099	0.01046	0.00746	0.00219	0.00562	0.00867	0.03055	0.01033
29	0.29057	0.01502	0.01748	0.05050	0.06988	0.04555	0.06582	0.09079	0.04415	0.09245	0.06527	0.01943	0.01531	0.00805	0.00693	0.00222	0.03796	0.00621	0.04737	0.00904
30	0.14081	0.15043	0.06504	0.06165	0.02394	0.14454	0.13168	0.05533	0.06046	0.02352	0.01434	0.01804	0.01167	0.00739	0.00634	0.00209	0.00896	0.02817	0.03665	0.00893
31	0.01098	0.00803	0.01077	0.01217	0.01376	0.00794	0.01022	0.01435	0.03689	0.02092	0.04063	0.17732	0.09825	0.01962	0.00952	0.00312	0.00591	0.48647	0.00659	0.00654
32	0.01428	0.03683	0.71286	0.02030	0.03082	0.01654	0.02631	0.02255	0.01503	0.02255	0.01278	0.01503	0.00902	0.00677	0.00677	0.00226	0.01052	0.00526	0.00301	0.01052
33	0.03195	0.01212	0.01652	0.01267	0.01818	0.01047	0.01047	0.03470	0.02038	0.71026	0.02809	0.02424	0.01763	0.00881	0.00716	0.00220	0.00606	0.00716	0.00881	0.01212
34	0.01904	0.75404	0.03731	0.01218	0.01828	0.02818	0.01218	0.02132	0.01447	0.01675	0.00990	0.01142	0.00914	0.00609	0.00457	0.00152	0.00761	0.00381	0.00305	0.00914
35	0.01725	0.57604	0.09144	0.01277	0.01849	0.02417	0.01289	0.02009	0.01405	0.01722	0.01158	0.01431	0.01048	0.01352	0.11642	0.00313	0.00965	0.00453	0.00316	0.00882
36	0.07823	0.00995	0.01256	0.01057	0.01425	0.00903	0.00840	0.02340	0.01902	0.34379	0.24903	0.06590	0.10213	0.01196	0.00756	0.00226	0.00483	0.01007	0.00787	0.00919
37	0.01327	0.00664	0.00664	0.00664	0.00830	0.00664	0.00498	0.01659	0.01493	0.02655	0.02323	0.02655	0.01825	0.00830	0.00498	0.00166	0.00332	0.00664	0.78928	0.00664
38	0.03195	0.01212	0.01652	0.01267	0.01818	0.01047	0.01047	0.03470	0.02038	0.71026	0.02809	0.02424	0.01763	0.00881	0.00716	0.00220	0.00606	0.00716	0.00881	0.01212
39	0.02660	0.03394	0.02018	0.01834	0.02201	0.72116	0.01376	0.02843	0.02018	0.01743	0.01101	0.01284	0.00917	0.00734	0.00642	0.00183	0.01284	0.00459	0.00367	0.00825
40	0.00868	0.00620	0.00826	0.00991	0.01033	0.00578	0.00661	0.00991	0.01363	0.01818	0.03925	0.74510	0.04710	0.02231	0.00909	0.00289	0.00413	0.02024	0.00661	0.00578
41	0.01026	0.00727	0.00961	0.00961	0.01024	0.00790	0.00661	0.01154	0.01090	0.01517	0.02075	0.03727	0.02184	0.40109	0.37937	0.00918	0.01300	0.00899	0.00406	0.00534
42	0.01558	0.01558	0.02181	0.01869	0.01869	0.02181	0.01558	0.01714	0.01091	0.01714	0.00935	0.01558	0.00935	0.01246	0.02337	0.00312	0.73672	0.00623	0.00312	0.00779
43	0.01771	0.01530	0.01610	0.01449	0.01852	0.01771	0.01127	0.03784	0.69247	0.02979	0.02898	0.02657	0.02174	0.00966	0.00725	0.00242	0.00564	0.00805	0.00725	0.01127
44	0.05501	0.02505	0.02224	0.14469	0.20495	0.38830	0.01663	0.02467	0.01780	0.01970	0.01186	0.01507	0.00971	0.00701	0.00662	0.00201	0.01082	0.00531	0.00358	0.00896
45	0.01832	0.01516	0.01612	0.01441	0.01850	0.01740	0.01124	0.03770	0.66382	0.05880	0.02894	0.02647	0.02156	0.00962	0.00724	0.00241	0.00565	0.00801	0.00731	0.01131
46	0.01169	0.00764	0.01003	0.00923	0.01119	0.00699	0.00699	0.01500	0.02017	0.07880	0.65194	0.05106	0.06353	0.01413	0.00831	0.00224	0.00356	0.01246	0.00791	0.00712
47	0.02792	0.01167	0.01560	0.01228	0.01744	0.01002	0.01015	0.03070	0.01941	0.56922	0.02931	0.02942	0.04791	0.00969	0.00724	0.00219	0.00592	0.05517	0.00815	0.08058
48	0.01230	0.01126	0.01787	0.01550	0.01784	0.04145	0.13479	0.01529	0.01298	0.01792	0.01902	0.08670	0.01815	0.03750	0.45549	0.00812	0.05811	0.00865	0.00397	0.00708
49	0.00977	0.00727	0.00909	0.00863	0.01045	0.00659	0.00647	0.01283	0.01942	0.02681	0.58340	0.05607	0.18646	0.01521	0.00840	0.00227	0.00341	0.01328	0.00761	0.00659
50	0.01131	0.00909	0.01296	0.01258	0.01323	0.01105	0.00966	0.01284	0.01161	0.01665	0.02081	0.18386	0.02209	0.05480	0.32504	0.06501	0.18684	0.01006	0.00423	0.00627
51	0.02187	0.01736	0.01844	0.01533	0.02010	0.01965	0.01228	0.32376	0.39978	0.03649	0.02370	0.02236	0.01746	0.00917	0.00719	0.00229	0.00661	0.00732	0.00719	0.01164
52	0.02090	0.01757	0.01785	0.01524	0.01974	0.05311	0.01206	0.22738	0.46538	0.03364	0.02460	0.02311	0.01829	0.00922	0.00717	0.00230	0.00663	0.00740	0.00704	0.01137
53	0.01904	0.75404	0.03731	0.01218	0.01828	0.02818	0.01218	0.02132	0.01447	0.01675	0.00990	0.01142	0.00914	0.00609	0.00457	0.00152	0.00761	0.00381	0.00305	0.00914
54	0.05683	0.01564	0.01645	0.01448	0.01868	0.01790	0.01146	0.13630	0.52802	0.03188	0.02658	0.02666	0.02038	0.00977	0.00720	0.00240	0.00601	0.03527	0.00706	0.01103
55	0.01904	0.75404	0.03731	0.01218	0.01828	0.02818	0.01218	0.02132	0.01447	0.01675	0.00990	0.01142	0.00914	0.00609	0.00457	0.00152	0.00761	0.00381	0.00305	0.00914
56	0.00925	0.00661	0.00893	0.01058	0.01124	0.00628	0.00761	0.01091	0.01420	0.01882	0.03893	0.60790	0.04583	0.02176	0.00924	0.00297	0.00463	0.15174	0.00660	0.00594
57	0.00881	0.00668	0.00813	0.00893	0.01016	0.00600	0.00625	0.01056	0.01545	0.02012	0.15261	0.42741	0.25357	0.01977	0.00877	0.00264	0.00385	0.01748	0.00680	0.00600
58	0.00901	0.00634	0.00816	0.00949	0.00982	0.00601	0.00615	0.01000	0.01298	0.01731	0.03590	0.60598	0.04287	0.16720	0.01450	0.00369	0.00468	0.01827	0.00615	0.00549
59	0.01172	0.00848	0.01166	0.01317	0.01490	0.00857	0.01147	0.01567	0.04320	0.02165	0.03736	0.07819	0.04022	0.01927	0.00973	0.00324	0.00652	0.63166	0.00658	0.00674
60	0.80005	0.01377	0.01047	0.00936	0.01377	0.01597	0.00771	0.02093	0.01212	0.03195	0.00991	0.01157	0.00771	0.00661	0.00441	0.00220	0.00551	0.00386	0.00441	0.00771
61	0.01327	0.00664	0.00664	0.00664	0.00830	0.00664	0.00498	0.01659	0.01493	0.02655	0.02323	0.02655	0.01825	0.00830	0.00498	0.00166	0.00332	0.00664	0.78928	0.00664
62	0.01904	0.75404	0.03731	0.01218	0.01828	0.02818	0.01218	0.02132	0.01447	0.01675	0.00990	0.01142	0.00914	0.00609	0.00457	0.00152	0.00761	0.00381	0.00305	0.00914
63	0.00899	0.00722	0.00806	0.00818	0.01024	0.00629	0.00619	0.01118	0.01686	0.02121	0.19595	0.11364	0.48008	0.01774	0.00856	0.00247	0.00380	0.06031	0.00686	0.00618
64	0.00887	0.00719	0.00787	0.00780	0.00992	0.00619	0.00581	0.01106	0.01717	0.02168	0.23870	0.09382	0.50444	0.01729	0.00844	0.00238	0.00356	0.01468	0.00694	0.00619
65	0.01018	0.00779	0.00941	0.01023	0.01144	0.00775	0.00713	0.01445	0.11974	0.02032	0.06672	0.50933	0.10819	0.04975	0.00983	0.00291	0.00440	0.01712	0.00666	0.00664
66	0.01904	0.75404	0.03731	0.01218	0.01828	0.02818	0.01218	0.02132	0.01447	0.01675	0.00990	0.01142	0.00914	0.00609	0.00457	0.00152	0.00761	0.00381	0.00305	0.00914
67	0.01241	0.00800	0.00969	0.00951	0.01173	0.00727	0.00715	0.01531	0.04564	0.11207	0.16169	0.23147	0.27575	0.01704	0.00844	0.00252	0.00425	0.04580	0.00713	0.00713
68	0.06538	0.01500	0.01572	0.01342	0.01752	0.04456	0.01074	0.20461	0.21439	0.09881	0.10583	0.03152	0.07566	0.01075	0.00737	0.00231	0.00620	0.04313	0.00704	0.01007
69	0.01555	0.01303	0.01689	0.08382	0.02101	0.01152	0.04256	0.02008	0.06348	0.05626	0.01699	0.01897	0.04023	0.00680	0.00670	0.00154	0.03528	0.00558	0.00458	0.51913
70	0.06709	0.00801	0.00938	0.00931	0.01145	0.00756	0.00697	0.01635	0.01562	0.12940	0.06315	0.27275	0.13108	0.01509	0.00750	0.00239	0.00435	0.04079	0.17459	0.00719
71	0.01031	0.00707	0.00859	0.00859	0.00888	0.00735	0.00534	0.01088	0.01060	0.01442	0.02168	0.04242	0.02407	0.59361	0.18990	0.00792	0.00963	0.00974	0.00420	0.00477
72	0.01471	0.01118	0.01311	0.01024	0.01523	0.00886	0.00802	0.01786	0.03238	0.08139	0.02642	0.09691	0.12417	0.00939	0.00636	0.00158	0.00497	0.00786	0.00531	0.50403
73	0.01355	0.01130	0.01343	0.01025	0.01538	0.00876	0.00802	0.01659	0.01551	0.02364	0.12207	0.07894	0.02228	0.00808	0.00606	0.00139	0.00488	0.00684	0.00497	0.60804
74	0.01853	0.01347	0.01489	0.01315	0.01707	0.01470	0.01028	0.03304	0.47603	0.13480	0.08829	0.03189	0.08115	0.01063	0.00742	0.00237	0.00534	0.00889	0.00749	0.01059
75	0.00876	0.00692	0.00790	0.00831	0.01000	0.00606	0.00598	0.01064	0.01607	0.02040	0.16273	0.27159	0.40186	0.01878	0.00862	0.00253	0.00373	0.01627	0.00681	0.00606
76	0.01358	0.01258	0.01893	0.40900	0.06260	0.03167	0.01590	0.01683	0.01313	0.01742	0.01407	0.02314	0.01266	0.12676	0.06279	0.00379	0.12737	0.00699	0.00341	0.00738
77	0.01404	0.00770	0.00812	0.00775	0.00967	0.00796	0.00593	0.06529	0.01601	0.02708	0.02244	0.02597	0.01776	0.01202	0.06392	0.00250	0.00494	0.00670	0.66719	0.00702
78	0.01502	0.01390	0.02360	0.40366	0.27301	0.01552	0.04660	0.01952	0.01509	0.02084	0.01387	0.01915	0.01090	0.00690	0.00697	0.00222	0.00872	0.00645	0.06900	0.00904
79	0.01944	0.63938	0.03486	0.01301	0.01862	0.02721	0.01254	0.07518	0.01577	0.01909	0.01045	0.01219	0.00940	0.00676	0.00616	0.00169	0.06138	0.00420	0.00339	0.00928
80	0.00926	0.00697	0.00858	0.00877	0.01029	0.00628	0.00635	0.01164	0.01736	0.02331	0.35759	0.24677	0.22565	0.01758	0.00859	0.00246	0.00363	0.01545	0.00719	0.00628
81	0.00865	0.00628	0.00818	0.00969	0.01027	0.00580	0.00651	0.00994	0.01385	0.01826	0.04194	0.68960	0.10086	0.02196	0.00903	0.00285	0.00409	0.01982	0.00661	0.00580
82	0.02156	0.02023	0.15986	0.07833	0.04301	0.06904	0.12907	0.06685	0.01857	0.23040	0.01989	0.02432	0.01489	0.00851	0.00745	0.00232	0.00898	0.06100	0.00549	0.01024
83	0.01655	0.05310	0.07711	0.01313	0.01677	0.01320	0.01149	0.14468	0.01719	0.09187	0.01872	0.02342	0.01547	0.03178	0.38119	0.00698	0.01358	0.00689	0.03832	0.00856
84	0.00914	0.00643	0.00832	0.00965	0.01004	0.00612	0.00640	0.01024	0.01313	0.01748	0.03589	0.57640	0.04266	0.16431	0.01443	0.00369	0.00479	0.04920	0.00616	0.00553
85	0.33115	0.01949	0.02008	0.02399	0.25716	0.17172	0.03634	0.02297	0.01548	0.02542	0.01152	0.01421	0.00938	0.00666	0.00590	0.00210	0.00837	0.00503	0.00391	0.00914
86	0.01051	0.00768	0.01023	0.01137	0.01296	0.00740	0.00942	0.01333	0.01647	0.02151	0.12515	0.16439	0.13408	0.01917	0.00937	0.00298	0.00544	0.40543	0.00673	0.00640
87	0.04543	0.18537	0.02307	0.01464	0.01988	0.02195	0.01236	0.31543	0.22940	0.03349	0.01887	0.01853	0.01424	0.00827	0.00650	0.00208	0.00705	0.00624	0.00615	0.01105
88	0.07546	0.00899	0.01362	0.01264	0.01461	0.01015	0.05823	0.01413	0.01189	0.01826	0.01798	0.02598	0.01646	0.04607	0.61014	0.01002	0.01744	0.00738	0.00385	0.00671
89	0.06334	0.07697	0.07452	0.06525	0.02036	0.01370	0.01144	0.08877	0.01671	0.08517	0.01477	0.01788	0.01189	0.05690	0.00789	0.00197	0.00667	0.00531	0.00467	0.35582
90	0.01589	0.02603	0.32493	0.02293	0.03096	0.01732	0.27374	0.02552	0.14298	0.02401	0.01645	0.01880	0.01209	0.00702	0.00748	0.00234	0.01017	0.00699	0.00403	0.01031
91	0.01036	0.00690	0.00777	0.00777	0.00777	0.00690	0.00431	0.01036	0.01036	0.01381	0.02244	0.04660	0.02589	0.74975	0.03624	0.00690	0.00690	0.01036	0.00431	0.00431
92	0.01235	0.00715	0.00959	0.01031	0.01156	0.00654	0.00721	0.01389	0.01490	0.12631	0.05930	0.61007	0.04317	0.01995	0.00877	0.00276	0.00441	0.01796	0.00699	0.00680
93	0.02653	0.01560	0.01627	0.01346	0.01795	0.12204	0.01069	0.07919	0.07687	0.40020	0.05450	0.07012	0.02032	0.00974	0.00716	0.00219	0.00689	0.00786	0.03179	0.01063
94	0.01951	0.01550	0.05462	0.07102	0.08125	0.08279	0.03266	0.04363	0.10673	0.18654	0.02528	0.18484	0.02261	0.01157	0.00761	0.00239	0.00720	0.02862	0.00612	0.00949
95	0.01059	0.00688	0.00767	0.00767	0.00781	0.00688	0.00437	0.01087	0.01073	0.01485	0.02250	0.04495	0.02526	0.68892	0.03368	0.00647	0.00661	0.01005	0.06871	0.00451
96	0.01078	0.00780	0.01001	0.00927	0.01111	0.00736	0.00700	0.04113	0.02071	0.02923	0.67321	0.05169	0.06490	0.01431	0.00835	0.00224	0.00354	0.01261	0.00781	0.00694
97	0.01431	0.12794	0.02339	0.59796	0.04299	0.01746	0.01814	0.01863	0.01430	0.01823	0.01255	0.01804	0.00971	0.00700	0.00666	0.00222	0.00901	0.00595	0.02747	0.00806
98	0.01327	0.00664	0.00664	0.00664	0.00830	0.00664	0.00498	0.01659	0.01493	0.02655	0.02323	0.02655	0.01825	0.00830	0.00498	0.00166	0.00332	0.00664	0.78928	0.00664
99	0.01573	0.01602	0.02425	0.02006	0.02093	0.02135	0.09572	0.01782	0.01162	0.01782	0.00996	0.01602	0.00952	0.01168	0.02156	0.00303	0.64923	0.00649	0.00317	0.00801
100	0.01771	0.01530	0.01610	0.01449	0.01852	0.01771	0.01127	0.03784	0.69247	0.02979	0.02898	0.02657	0.02174	0.00966	0.00725	0.00242	0.00564	0.00805	0.00725	0.01127
101	0.02022	0.64188	0.03464	0.01314	0.01886	0.13611	0.01243	0.02243	0.01536	0.01686	0.01007	0.01164	0.00914	0.00629	0.00486	0.00157	0.00843	0.00393	0.00314	0.00900
102	0.00865	0.00628	0.00818	0.00969	0.01027	0.00580	0.00651	0.00994	0.01385	0.01826	0.04194	0.68960	0.10086	0.02196	0.00903	0.00285	0.00409	0.01982	0.00661	0.00580
103	0.01558	0.01558	0.02181	0.01869	0.01869	0.02181	0.01558	0.01714	0.01091	0.01714	0.00935	0.01558	0.00935	0.01246	0.02337	0.00312	0.73672	0.00623	0.00312	0.00779
104	0.01717	0.01656	0.06003	0.12769	0.05471	0.01536	0.14328	0.12436	0.07642	0.02639	0.01550	0.01819	0.01186	0.00681	0.00676	0.00193	0.00800	0.00625	0.03174	0.23099
105	0.06489	0.05204	0.11515	0.01527	0.02072	0.14361	0.03316	0.08170	0.11369	0.07325	0.01732	0.02024	0.01374	0.01009	0.04120	0.00246	0.00875	0.03347	0.00498	0.13430
106	0.05047	0.11317	0.10175	0.01500	0.02084	0.14461	0.04860	0.04030	0.01604	0.02184	0.01192	0.01425	0.00981	0.00657	0.00691	0.00168	0.05458	0.00476	0.00382	0.31309
107	0.01750	0.04430	0.01586	0.01346	0.01722	0.06822	0.01066	0.08257	0.37022	0.04656	0.03268	0.03380	0.12589	0.01286	0.03598	0.00272	0.00672	0.04645	0.00657	0.00977
108	0.01022	0.00823	0.01167	0.01146	0.01275	0.00840	0.04937	0.01217	0.01416	0.01932	0.06396	0.40816	0.14048	0.02063	0.05733	0.00328	0.07533	0.01544	0.05127	0.00637
109	0.01835	0.04228	0.02100	0.13717	0.25387	0.01387	0.01537	0.02235	0.03322	0.16695	0.06656	0.02336	0.01751	0.01498	0.11837	0.00362	0.00930	0.00712	0.00501	0.00974
110	0.05870	0.01931	0.02049	0.01581	0.02134	0.02138	0.01305	0.63503	0.03206	0.04381	0.01698	0.01714	0.01210	0.00846	0.00695	0.00213	0.00761	0.00631	0.02957	0.01177
111	0.01027	0.00735	0.00945	0.00930	0.01073	0.00693	0.00697	0.01305	0.01799	0.02498	0.48511	0.05639	0.07543	0.12988	0.01294	0.00312	0.00436	0.10238	0.00708	0.00630
112	0.01859	0.13130	0.15453	0.02270	0.02972	0.01923	0.32911	0.07719	0.01749	0.07407	0.01443	0.01733	0.01078	0.00688	0.00807	0.00224	0.04545	0.00681	0.00406	0.01000
113	0.02114	0.18926	0.16219	0.01852	0.02543	0.04197	0.16602	0.08134	0.03833	0.16368	0.01641	0.01748	0.01186	0.00711	0.00675	0.00209	0.00899	0.00619	0.00483	0.01041
114	0.01065	0.00839	0.01158	0.07069	0.06485	0.00809	0.00873	0.01391	0.01865	0.02576	0.49046	0.07252	0.14051	0.01405	0.00822	0.00228	0.00430	0.01238	0.00694	0.00703
115	0.00979	0.00710	0.00877	0.03276	0.01169	0.00646	0.00678	0.01159	0.01542	0.04692	0.10898	0.39282	0.27669	0.01908	0.00865	0.00262	0.00413	0.01677	0.00670	0.00627
116	0.01722	0.04433	0.12855	0.28184	0.05417	0.06959	0.06562	0.06055	0.01652	0.07757	0.01594	0.07130	0.01312	0.00854	0.00795	0.00232	0.04447	0.00719	0.00417	0.00904
117	0.06331	0.18487	0.26764	0.01576	0.02222	0.09331	0.01649	0.10226	0.01737	0.02343	0.01602	0.11583	0.01467	0.00906	0.00648	0.00212	0.00862	0.00702	0.00418	0.00935
118	0.06534	0.01126	0.04249	0.01260	0.03521	0.01136	0.03119	0.03905	0.07244	0.02255	0.02436	0.15628	0.05415	0.05588	0.01215	0.06748	0.08858	0.00957	0.18086	0.00722
119	0.18879	0.01683	0.04573	0.22359	0.05456	0.08895	0.01474	0.06384	0.03884	0.04404	0.01320	0.01692	0.01042	0.01055	0.04978	0.00286	0.09799	0.00572	0.00409	0.00855
120	0.04718	0.07104	0.01539	0.08469	0.03839	0.01174	0.00989	0.05237	0.01442	0.09204	0.01800	0.10700	0.01652	0.01417	0.01312	0.22519	0.03025	0.00761	0.06244	0.06855
121	0.07454	0.01377	0.01789	0.06806	0.12494	0.03607	0.03445	0.02330	0.15227	0.08329	0.04906	0.08449	0.02034	0.05289	0.01018	0.00262	0.06664	0.02859	0.00536	0.05125
122	0.01840	0.01881	0.15351	0.09307	0.02523	0.01505	0.06459	0.15010	0.01914	0.09594	0.04613	0.04988	0.01514	0.00829	0.00772	0.00209	0.04315	0.00684	0.00506	0.16186
123	0.09198	0.03334	0.03683	0.04517	0.11872	0.01225	0.03985	0.02055	0.01551	0.09585	0.04247	0.01899	0.01408	0.00801	0.02524	0.00197	0.00664	0.00572	0.06882	0.29799
124	0.13028	0.07537	0.05594	0.06146	0.06137	0.10395	0.01292	0.10612	0.04049	0.11988	0.02104	0.04664	0.06442	0.00936	0.00739	0.00222	0.03926	0.02726	0.00529	0.00933

[dist]
# distance from previous block
# <min> <max>
14	132

[block]
# block no. 5 follows, 29 sequences, length 13
# corresponding to MSA columns:
# 527-539
name=unknown_F
#
# <colnr> <probs for GDERKNQSTAVLIFYWHMCP>
#	G	D	E	R	K	N	Q	S	T	A	V	L	I	F	Y	W	H	M	C	P
0	0.01212	0.05895	0.01316	0.13019	0.01804	0.00981	0.00905	0.01492	0.01632	0.05250	0.15380	0.07700	0.27862	0.01302	0.00749	0.00217	0.00510	0.01100	0.03557	0.08117
1	0.01246	0.00926	0.01110	0.01059	0.01339	0.00854	0.00823	0.01691	0.09398	0.05765	0.09313	0.19630	0.17278	0.01537	0.00807	0.00241	0.00483	0.12057	0.00649	0.13795
2	0.09189	0.08607	0.10594	0.16815	0.08782	0.01649	0.05761	0.02089	0.01470	0.09667	0.03571	0.02022	0.01332	0.06130	0.01063	0.00263	0.09050	0.00643	0.00416	0.00889
3	0.16674	0.34158	0.08206	0.01327	0.01906	0.02253	0.01257	0.12255	0.11286	0.02614	0.01392	0.01474	0.01109	0.00712	0.00548	0.00193	0.00721	0.00493	0.00450	0.00973
4	0.09692	0.01476	0.08055	0.01213	0.01693	0.05826	0.01069	0.02651	0.01819	0.35551	0.08586	0.02638	0.05213	0.00920	0.00671	0.00213	0.00619	0.00732	0.10380	0.00984
5	0.03730	0.04411	0.04573	0.10127	0.04019	0.08064	0.04384	0.10281	0.03521	0.14300	0.01749	0.01941	0.01306	0.01051	0.05447	0.00259	0.00839	0.00610	0.08023	0.11367
6	0.01799	0.12690	0.12730	0.11171	0.09856	0.01728	0.06540	0.12726	0.01834	0.05447	0.04559	0.01870	0.01356	0.00785	0.00727	0.02654	0.00811	0.00616	0.03489	0.06614
7	0.02688	0.08261	0.01818	0.01293	0.01796	0.01358	0.01068	0.07407	0.11326	0.46116	0.02654	0.07129	0.01902	0.00956	0.00706	0.00221	0.00613	0.00780	0.00780	0.01129
8	0.00922	0.00688	0.00912	0.06146	0.01282	0.00668	0.00723	0.01075	0.01393	0.01837	0.07105	0.52850	0.10511	0.09005	0.01145	0.00316	0.00470	0.01744	0.00620	0.00586
9	0.01745	0.25544	0.05560	0.15175	0.05622	0.06751	0.01393	0.04922	0.03873	0.05572	0.11802	0.02432	0.02049	0.00869	0.00655	0.00205	0.00769	0.03713	0.00462	0.00886
