[name]
unknown

[dist]
# distance from previous block
# <min> <max>
0	67

[block]
# block no. 0 follows, 26 sequences, length 20
# corresponding to MSA columns:
# 78-97
name=unknown_A
#
# <colnr> <probs for GDERKNQSTAVLIFYWHMCP>
#	G	D	E	R	K	N	Q	S	T	A	V	L	I	F	Y	W	H	M	C	P
0	0.11514	0.06227	0.22696	0.01597	0.02272	0.06011	0.01623	0.08491	0.05222	0.10463	0.04939	0.04696	0.01719	0.00913	0.00703	0.00229	0.00831	0.02903	0.00540	0.06410
1	0.13648	0.05554	0.09154	0.01566	0.06168	0.01504	0.01290	0.02769	0.14133	0.17066	0.06781	0.05737	0.02055	0.00940	0.00699	0.00227	0.00667	0.00760	0.00632	0.08650
2	0.09111	0.01526	0.01729	0.09983	0.02275	0.05783	0.01215	0.09165	0.06928	0.19769	0.04563	0.04426	0.01867	0.00945	0.00721	0.00222	0.00719	0.03940	0.00649	0.14464
3	0.05827	0.01655	0.05999	0.01454	0.04551	0.04977	0.01175	0.02658	0.09727	0.17534	0.02180	0.02183	0.04271	0.00795	0.00666	0.00187	0.00671	0.00635	0.00596	0.32259
4	0.04153	0.01577	0.02305	0.10604	0.21825	0.03921	0.06118	0.02348	0.01755	0.11844	0.05214	0.02094	0.01553	0.00742	0.00712	0.00203	0.00795	0.00668	0.00498	0.21071
5	0.01999	0.01624	0.02391	0.05334	0.30019	0.01583	0.03648	0.10114	0.04553	0.08523	0.05924	0.02159	0.01670	0.00775	0.00729	0.00208	0.00771	0.00697	0.00529	0.16749
6	0.01511	0.01256	0.01885	0.40847	0.06974	0.01399	0.01602	0.04155	0.01679	0.05441	0.02682	0.03026	0.13611	0.00978	0.00759	0.00237	0.00802	0.00838	0.04437	0.05881
7	0.01588	0.01478	0.02441	0.32284	0.31667	0.01600	0.01987	0.02019	0.01587	0.02175	0.01575	0.05692	0.01385	0.04194	0.00901	0.00259	0.00898	0.00759	0.00384	0.05129
8	0.01432	0.01348	0.02275	0.71520	0.05224	0.01685	0.02107	0.01938	0.01517	0.01938	0.01348	0.02022	0.01011	0.00758	0.00758	0.00253	0.01011	0.00674	0.00337	0.00843
9	0.01573	0.01348	0.01573	0.01123	0.01798	0.01011	0.00899	0.01910	0.01573	0.02472	0.01348	0.01573	0.01123	0.00562	0.00562	0.00112	0.00562	0.00449	0.00449	0.77980
10	0.01620	0.01463	0.04296	0.43371	0.03776	0.05640	0.01680	0.02155	0.04970	0.05621	0.01960	0.02390	0.04135	0.00851	0.00723	0.00236	0.00866	0.00717	0.12664	0.00866
11	0.69358	0.01487	0.01188	0.01064	0.01528	0.01724	0.00868	0.02449	0.09313	0.03375	0.01303	0.01427	0.01003	0.00744	0.00506	0.00237	0.00588	0.00465	0.00506	0.00868
12	0.01272	0.00943	0.01222	0.08994	0.01672	0.01009	0.00940	0.01537	0.01489	0.02237	0.02877	0.26150	0.05783	0.01442	0.00961	0.00246	0.09187	0.01201	0.22860	0.07978
13	0.01491	0.01278	0.01475	0.01080	0.01704	0.00966	0.00860	0.01810	0.01592	0.02420	0.02119	0.02269	0.09295	0.00727	0.00602	0.00130	0.00540	0.00589	0.00480	0.68573
14	0.11300	0.01334	0.01736	0.05417	0.09624	0.01260	0.02746	0.05490	0.01772	0.16112	0.02397	0.12259	0.05079	0.01024	0.00716	0.00217	0.00651	0.00869	0.00600	0.19396
15	0.51538	0.07350	0.01484	0.01119	0.01598	0.06037	0.00928	0.02479	0.01518	0.13137	0.01444	0.01542	0.01072	0.00751	0.00533	0.00223	0.00649	0.00487	0.05210	0.00902
16	0.01081	0.00771	0.00999	0.00959	0.01094	0.00748	0.00689	0.01351	0.01810	0.02548	0.46018	0.05188	0.05572	0.17481	0.09978	0.00465	0.00643	0.01246	0.00702	0.00656
17	0.01561	0.01328	0.01538	0.06054	0.04479	0.05615	0.03421	0.05461	0.14746	0.05365	0.09898	0.12669	0.19993	0.01434	0.00844	0.00256	0.00632	0.03150	0.00673	0.00882
18	0.01455	0.01064	0.01229	0.01142	0.01378	0.01060	0.00811	0.07423	0.11440	0.04487	0.02892	0.25105	0.03033	0.22330	0.01700	0.00390	0.00606	0.01265	0.00623	0.10567
19	0.08424	0.14327	0.01853	0.03122	0.01726	0.04775	0.01044	0.10750	0.05276	0.07400	0.06872	0.22783	0.05992	0.01357	0.00758	0.00243	0.00647	0.01129	0.00627	0.00895

[dist]
# distance from previous block
# <min> <max>
1	63

[block]
# block no. 1 follows, 26 sequences, length 45
# corresponding to MSA columns:
# 161-205
name=unknown_B
#
# <colnr> <probs for GDERKNQSTAVLIFYWHMCP>
#	G	D	E	R	K	N	Q	S	T	A	V	L	I	F	Y	W	H	M	C	P
0	0.01950	0.12418	0.15544	0.04453	0.02267	0.07354	0.01503	0.07400	0.14877	0.07294	0.05765	0.02380	0.04177	0.00901	0.00700	0.00220	0.00797	0.00707	0.05417	0.03877
1	0.01932	0.04872	0.13866	0.01913	0.05380	0.06415	0.09764	0.12801	0.01993	0.05170	0.04635	0.04993	0.01630	0.03486	0.00910	0.00234	0.03565	0.00732	0.00500	0.15211
2	0.04507	0.01560	0.01827	0.17948	0.05021	0.06114	0.01346	0.16851	0.02084	0.04635	0.04295	0.08900	0.01802	0.00960	0.00720	0.00218	0.00764	0.00794	0.06768	0.12885
3	0.08616	0.01375	0.01873	0.01617	0.04853	0.01389	0.07026	0.05974	0.06759	0.15699	0.12173	0.09027	0.02606	0.01099	0.00922	0.00239	0.07136	0.00916	0.00650	0.10051
4	0.04738	0.01314	0.04599	0.01472	0.04680	0.01177	0.04164	0.08844	0.04324	0.15905	0.05567	0.21407	0.10808	0.03724	0.00923	0.00269	0.00630	0.01225	0.00691	0.03541
5	0.05039	0.24979	0.02772	0.04531	0.02301	0.06768	0.07163	0.13025	0.11132	0.05626	0.01768	0.04951	0.01454	0.00846	0.00670	0.00211	0.00829	0.00672	0.00524	0.04739
6	0.01420	0.00815	0.01110	0.01064	0.01142	0.00839	0.00743	0.04809	0.05684	0.01789	0.07559	0.02620	0.01915	0.02334	0.02507	0.61368	0.00637	0.00738	0.00429	0.00476
7	0.03937	0.12285	0.21573	0.07405	0.07402	0.01769	0.01771	0.04612	0.09376	0.07104	0.05411	0.02282	0.01690	0.00850	0.00705	0.00224	0.00832	0.02926	0.00493	0.07356
8	0.03693	0.07247	0.13333	0.12915	0.02720	0.01709	0.04494	0.09089	0.08387	0.11383	0.05210	0.02789	0.04975	0.00998	0.00840	0.00248	0.03976	0.04406	0.00565	0.01023
9	0.01227	0.00786	0.00924	0.00910	0.01035	0.00737	0.00608	0.01346	0.01464	0.07200	0.09521	0.12542	0.16612	0.37099	0.02360	0.00498	0.00592	0.03316	0.00614	0.00609
10	0.01969	0.01498	0.06655	0.18457	0.09042	0.01397	0.03890	0.07470	0.01887	0.17473	0.05059	0.07754	0.02176	0.05048	0.00978	0.00282	0.00812	0.06572	0.00596	0.00985
11	0.01995	0.12085	0.07716	0.21156	0.09148	0.07653	0.05456	0.08643	0.01876	0.08682	0.01736	0.07401	0.01449	0.00887	0.00735	0.00232	0.00930	0.00750	0.00473	0.00998
12	0.01657	0.04582	0.25784	0.09036	0.08663	0.01494	0.01879	0.05016	0.01767	0.08082	0.09092	0.05012	0.02169	0.01421	0.07114	0.00334	0.00980	0.04430	0.00497	0.00992
13	0.01100	0.00746	0.00881	0.00881	0.00900	0.00765	0.00527	0.01138	0.01119	0.01511	0.02341	0.04692	0.02639	0.64063	0.12979	0.00802	0.00913	0.01063	0.00452	0.00489
14	0.23252	0.04880	0.10281	0.01500	0.01958	0.27065	0.01297	0.02375	0.01698	0.02426	0.01618	0.10248	0.01494	0.00951	0.00647	0.00223	0.00920	0.00693	0.05620	0.00854
15	0.00960	0.00771	0.00856	0.00835	0.01063	0.00667	0.00626	0.01211	0.01878	0.02404	0.29307	0.06716	0.46460	0.01789	0.00896	0.00250	0.00375	0.01519	0.00751	0.00667
16	0.19330	0.26340	0.02498	0.01360	0.01904	0.02184	0.01201	0.12994	0.01895	0.13547	0.01500	0.01586	0.01145	0.00800	0.00727	0.00212	0.06118	0.00531	0.00532	0.03596
17	0.05111	0.18624	0.22639	0.01554	0.02275	0.01774	0.03956	0.02124	0.01529	0.02275	0.01315	0.01594	0.01068	0.00774	0.00777	0.03674	0.03402	0.00516	0.03788	0.21230
18	0.02602	0.02052	0.12732	0.11107	0.02720	0.04941	0.01613	0.19722	0.02339	0.26573	0.02050	0.02051	0.01387	0.00850	0.00743	0.00230	0.00852	0.00672	0.00666	0.04096
19	0.01318	0.00659	0.00988	0.00988	0.00988	0.00659	0.00659	0.00988	0.00988	0.01318	0.01318	0.02306	0.01318	0.02635	0.02964	0.77931	0.00659	0.00659	0.00329	0.00329
20	0.01652	0.05765	0.05421	0.41535	0.12988	0.01787	0.01967	0.04385	0.01609	0.04550	0.01433	0.01978	0.01122	0.01060	0.04679	0.00300	0.05789	0.00664	0.00381	0.00934
21	0.02043	0.14822	0.05356	0.05806	0.02343	0.08033	0.04421	0.13556	0.02012	0.04910	0.01584	0.02027	0.01314	0.00784	0.00665	0.00188	0.00826	0.04212	0.00492	0.24605
22	0.00980	0.00729	0.00869	0.00910	0.01051	0.00658	0.00637	0.01147	0.01642	0.02136	0.18478	0.26452	0.27330	0.08522	0.01281	0.03795	0.00440	0.01634	0.00692	0.00618
23	0.00930	0.00673	0.00881	0.01045	0.01107	0.00625	0.00709	0.01072	0.01479	0.01953	0.04422	0.66550	0.09437	0.02337	0.00965	0.00305	0.00443	0.03741	0.00704	0.00620
24	0.05180	0.02700	0.35938	0.06651	0.06640	0.01663	0.02076	0.11567	0.01888	0.05733	0.01799	0.08372	0.01479	0.00918	0.00736	0.00242	0.00919	0.00749	0.03688	0.01062
25	0.01608	0.08105	0.02101	0.03753	0.04527	0.01309	0.06934	0.01975	0.01632	0.02425	0.05830	0.01884	0.01516	0.00654	0.00621	0.00147	0.00664	0.00564	0.00451	0.53300
26	0.01567	0.10290	0.63451	0.02083	0.03161	0.01875	0.02665	0.02390	0.01596	0.02346	0.01333	0.01566	0.00962	0.00714	0.00699	0.00233	0.01093	0.00546	0.00321	0.01108
27	0.01013	0.00745	0.00933	0.01045	0.01146	0.00710	0.00736	0.01245	0.03903	0.02033	0.07261	0.44924	0.12876	0.09543	0.01256	0.00345	0.00493	0.08469	0.00687	0.00638
28	0.09179	0.01530	0.06420	0.06881	0.14470	0.01392	0.03760	0.06352	0.01864	0.20404	0.02060	0.02213	0.01486	0.00816	0.00683	0.00222	0.00715	0.00682	0.17824	0.01048
29	0.05381	0.02041	0.06051	0.02389	0.16269	0.10180	0.08463	0.16853	0.05118	0.05534	0.01866	0.02343	0.01497	0.00873	0.00745	0.00231	0.00897	0.04509	0.07691	0.01069
30	0.01930	0.01614	0.01774	0.01355	0.01955	0.07485	0.03395	0.07231	0.04311	0.08116	0.01714	0.05143	0.01418	0.00748	0.00645	0.00159	0.00685	0.00611	0.00531	0.49179
31	0.01484	0.01178	0.04387	0.04654	0.01700	0.04141	0.01079	0.01868	0.06478	0.08431	0.05070	0.11398	0.02352	0.03337	0.31160	0.07751	0.01278	0.00953	0.00525	0.00776
32	0.15545	0.01192	0.01278	0.01139	0.01467	0.01257	0.00861	0.02516	0.18497	0.13319	0.11725	0.03598	0.06577	0.16202	0.01386	0.00347	0.00588	0.00927	0.00684	0.00893
33	0.05716	0.01635	0.02431	0.15762	0.11771	0.01712	0.09984	0.15322	0.05031	0.17154	0.02001	0.04759	0.01497	0.00871	0.00772	0.00242	0.00859	0.00776	0.00600	0.01106
34	0.08785	0.01538	0.07648	0.14905	0.08447	0.01555	0.03040	0.02006	0.01482	0.08257	0.01891	0.12251	0.01750	0.01567	0.07675	0.00361	0.14605	0.00880	0.00466	0.00890
35	0.01081	0.00745	0.00911	0.00971	0.01130	0.00664	0.00689	0.01265	0.01655	0.06184	0.11651	0.40606	0.25537	0.02058	0.00925	0.00280	0.00426	0.01813	0.00732	0.00675
36	0.01000	0.00716	0.00928	0.01050	0.01132	0.00677	0.00741	0.01171	0.01530	0.02034	0.09977	0.45548	0.08532	0.10899	0.01322	0.00357	0.00502	0.10581	0.00685	0.00619
37	0.16626	0.01774	0.09032	0.08353	0.02294	0.06216	0.01360	0.07911	0.01914	0.24424	0.02214	0.08650	0.01761	0.01013	0.00726	0.00245	0.00772	0.03046	0.00641	0.01029
38	0.01572	0.03604	0.59009	0.02459	0.09281	0.01776	0.06993	0.02397	0.01626	0.02411	0.01379	0.01656	0.00996	0.00711	0.00735	0.00240	0.01112	0.00593	0.00330	0.01122
39	0.01084	0.00813	0.01219	0.01219	0.01354	0.00948	0.00948	0.01354	0.01219	0.01761	0.02032	0.02980	0.01896	0.05689	0.70337	0.01219	0.02032	0.00813	0.00406	0.00677
40	0.01691	0.05185	0.25011	0.14486	0.10138	0.10328	0.07873	0.02240	0.01692	0.02227	0.05372	0.04355	0.01575	0.03581	0.00871	0.00255	0.01032	0.00728	0.00392	0.00971
41	0.04093	0.01385	0.02232	0.43463	0.04011	0.01620	0.08461	0.02189	0.10451	0.02197	0.01831	0.07082	0.01526	0.01180	0.04834	0.00313	0.00989	0.00824	0.00435	0.00884
42	0.01584	0.01305	0.02151	0.61255	0.04698	0.01574	0.01939	0.02050	0.01573	0.08061	0.01654	0.05965	0.01310	0.00864	0.00770	0.00254	0.00946	0.00764	0.00412	0.00871
43	0.01808	0.00953	0.01099	0.01001	0.01276	0.00939	0.00768	0.06060	0.05662	0.15059	0.07210	0.12405	0.02680	0.01151	0.00685	0.00217	0.00463	0.00966	0.38730	0.00867
44	0.02019	0.01754	0.02523	0.21889	0.05748	0.09939	0.15859	0.06093	0.01887	0.12444	0.02167	0.07629	0.04726	0.00946	0.00803	0.00246	0.00971	0.00871	0.00517	0.00968

[dist]
# distance from previous block
# <min> <max>
0	1

[block]
# block no. 2 follows, 26 sequences, length 71
# corresponding to MSA columns:
# 207-277
name=unknown_C
#
# <colnr> <probs for GDERKNQSTAVLIFYWHMCP>
#	G	D	E	R	K	N	Q	S	T	A	V	L	I	F	Y	W	H	M	C	P
0	0.09118	0.01313	0.01560	0.06878	0.08078	0.03767	0.01153	0.04085	0.14455	0.06361	0.18550	0.03321	0.05642	0.01530	0.07404	0.00331	0.00753	0.00906	0.03875	0.00920
1	0.01547	0.03748	0.63338	0.02259	0.03347	0.01776	0.08702	0.02405	0.01619	0.02405	0.01377	0.01643	0.00979	0.00713	0.00737	0.00242	0.01136	0.00592	0.00326	0.01112
2	0.01523	0.06597	0.55344	0.04557	0.03157	0.01737	0.04874	0.02303	0.01616	0.02347	0.01602	0.02266	0.01289	0.00844	0.00749	0.00248	0.01069	0.06459	0.00359	0.01061
3	0.01056	0.00775	0.00990	0.00936	0.01123	0.00708	0.00702	0.01398	0.02106	0.02945	0.62333	0.05825	0.13095	0.01587	0.00895	0.00240	0.00360	0.01394	0.00822	0.00708
4	0.00972	0.00687	0.00898	0.01026	0.01069	0.00667	0.00677	0.01090	0.01365	0.01831	0.03653	0.53835	0.04317	0.16395	0.07356	0.00467	0.00631	0.01839	0.00632	0.00591
5	0.01573	0.01348	0.01573	0.01123	0.01798	0.01011	0.00899	0.01910	0.01573	0.02472	0.01348	0.01573	0.01123	0.00562	0.00562	0.00112	0.00562	0.00449	0.00449	0.77980
6	0.04447	0.01401	0.01713	0.01515	0.08080	0.01217	0.01083	0.08545	0.01861	0.11122	0.02154	0.04474	0.06241	0.00818	0.00659	0.00171	0.00616	0.00672	0.00563	0.42649
7	0.01555	0.01439	0.02302	0.28897	0.28099	0.01557	0.01872	0.02080	0.05543	0.02242	0.02095	0.08915	0.05239	0.00951	0.00776	0.00242	0.00839	0.00866	0.00437	0.04054
8	0.08860	0.02634	0.31960	0.02084	0.07784	0.01686	0.05532	0.10097	0.01932	0.14441	0.01804	0.02114	0.01325	0.00832	0.00736	0.00242	0.00930	0.03362	0.00518	0.01127
9	0.02028	0.73799	0.03975	0.01298	0.01947	0.03001	0.01298	0.02271	0.01541	0.01785	0.01055	0.01217	0.00973	0.00649	0.00487	0.00162	0.00811	0.00406	0.00324	0.00973
10	0.00975	0.00771	0.00878	0.00851	0.01073	0.00674	0.00638	0.01241	0.01915	0.02491	0.34646	0.06572	0.41066	0.01756	0.00896	0.00248	0.00372	0.01499	0.00763	0.00674
11	0.01103	0.00735	0.00827	0.00827	0.00827	0.00735	0.00460	0.01103	0.01103	0.01471	0.02390	0.04964	0.02758	0.73343	0.03861	0.00735	0.00735	0.01103	0.00460	0.00460
12	0.03110	0.01761	0.02051	0.01573	0.02171	0.01813	0.01299	0.38893	0.02958	0.32829	0.02332	0.02153	0.01546	0.00923	0.00761	0.00231	0.00752	0.00718	0.00837	0.01290
13	0.01318	0.00659	0.00988	0.00988	0.00988	0.00659	0.00659	0.00988	0.00988	0.01318	0.01318	0.02306	0.01318	0.02635	0.02964	0.77931	0.00659	0.00659	0.00329	0.00329
14	0.01887	0.01629	0.01715	0.01544	0.01972	0.01887	0.01201	0.04031	0.67241	0.03173	0.03087	0.02830	0.02315	0.01029	0.00772	0.00257	0.00600	0.00858	0.00772	0.01201
15	0.01452	0.01368	0.02311	0.68535	0.08054	0.01690	0.02116	0.01955	0.01526	0.01962	0.01352	0.02016	0.01020	0.00755	0.00758	0.00252	0.01006	0.00674	0.00339	0.00859
16	0.01304	0.00916	0.01230	0.01181	0.01292	0.01027	0.00868	0.03261	0.01324	0.05491	0.02323	0.11058	0.02389	0.24372	0.31062	0.00812	0.07908	0.01025	0.00487	0.00672
17	0.01693	0.00922	0.00997	0.00913	0.01181	0.00928	0.00705	0.04262	0.08711	0.10287	0.05195	0.03114	0.05788	0.00987	0.00622	0.00200	0.00430	0.00801	0.51424	0.00840
18	0.13156	0.03979	0.01904	0.03914	0.02105	0.01498	0.04678	0.05242	0.13933	0.30087	0.02317	0.02208	0.01608	0.00848	0.00699	0.00225	0.00680	0.00686	0.00710	0.09523
19	0.01573	0.01348	0.01573	0.01123	0.01798	0.01011	0.00899	0.01910	0.01573	0.02472	0.01348	0.01573	0.01123	0.00562	0.00562	0.00112	0.00562	0.00449	0.00449	0.77980
20	0.01802	0.27413	0.31085	0.01806	0.02632	0.02160	0.05788	0.07187	0.01750	0.02370	0.01447	0.01894	0.01196	0.00774	0.00664	0.00214	0.00954	0.03992	0.00386	0.04485
21	0.01977	0.39402	0.10707	0.04144	0.09469	0.02452	0.01599	0.08912	0.04393	0.02346	0.01357	0.01571	0.01126	0.00743	0.00673	0.00199	0.03720	0.00531	0.03642	0.01035
22	0.01040	0.00774	0.00968	0.00919	0.01113	0.00702	0.00690	0.01367	0.02069	0.02856	0.56890	0.05971	0.18594	0.01620	0.00895	0.00242	0.00363	0.01415	0.00811	0.00702
23	0.01670	0.01591	0.02705	0.35764	0.39121	0.01748	0.02225	0.02146	0.01629	0.02227	0.01390	0.01945	0.01113	0.00714	0.00754	0.00238	0.00952	0.00675	0.00358	0.01035
24	0.01175	0.00798	0.01046	0.00971	0.01168	0.00733	0.00733	0.01530	0.02148	0.05916	0.65375	0.05532	0.06927	0.01524	0.00889	0.00238	0.00370	0.01345	0.00839	0.00741
25	0.01067	0.00775	0.01005	0.00947	0.01129	0.00713	0.00711	0.01419	0.02132	0.03005	0.65981	0.05726	0.09410	0.01564	0.00895	0.00239	0.00359	0.01380	0.00830	0.00713
26	0.00896	0.00768	0.00768	0.00768	0.01025	0.00640	0.00576	0.01089	0.01729	0.02049	0.07684	0.07300	0.68304	0.01921	0.00896	0.00256	0.00384	0.01601	0.00704	0.00640
27	0.00965	0.00753	0.00876	0.00883	0.01076	0.00664	0.00648	0.01207	0.01835	0.02390	0.29012	0.17483	0.35773	0.01862	0.00908	0.00258	0.00384	0.01609	0.00752	0.00664
28	0.78701	0.01467	0.01115	0.00997	0.01467	0.01702	0.00821	0.02230	0.01291	0.03403	0.01056	0.01232	0.00821	0.00704	0.00469	0.00235	0.00587	0.00411	0.00469	0.00821
29	0.01790	0.02046	0.04476	0.03197	0.03964	0.01918	0.65857	0.02430	0.01790	0.02430	0.01535	0.02046	0.01151	0.00639	0.00895	0.00256	0.01279	0.00895	0.00384	0.01023
30	0.02028	0.73799	0.03975	0.01298	0.01947	0.03001	0.01298	0.02271	0.01541	0.01785	0.01055	0.01217	0.00973	0.00649	0.00487	0.00162	0.00811	0.00406	0.00324	0.00973
31	0.01573	0.01348	0.01573	0.01123	0.01798	0.01011	0.00899	0.01910	0.01573	0.02472	0.01348	0.01573	0.01123	0.00562	0.00562	0.00112	0.00562	0.00449	0.00449	0.77980
32	0.01084	0.00813	0.01219	0.01219	0.01354	0.00948	0.00948	0.01354	0.01219	0.01761	0.02032	0.02980	0.01896	0.05689	0.70337	0.01219	0.02032	0.00813	0.00406	0.00677
33	0.01767	0.01541	0.02102	0.01758	0.01919	0.01949	0.01455	0.01978	0.01354	0.07634	0.04218	0.01902	0.01364	0.01187	0.01977	0.00286	0.51810	0.00671	0.00423	0.12705
34	0.16943	0.01852	0.02408	0.06911	0.02605	0.07627	0.15533	0.07259	0.11822	0.07526	0.01690	0.01921	0.01283	0.00865	0.00959	0.00253	0.10337	0.00690	0.00517	0.00999
35	0.01625	0.01420	0.04422	0.03856	0.02009	0.01114	0.03303	0.01973	0.01589	0.06370	0.01706	0.08339	0.01519	0.00798	0.00706	0.00161	0.03159	0.00664	0.00487	0.54782
36	0.78701	0.01467	0.01115	0.00997	0.01467	0.01702	0.00821	0.02230	0.01291	0.03403	0.01056	0.01232	0.00821	0.00704	0.00469	0.00235	0.00587	0.00411	0.00469	0.00821
37	0.01880	0.02170	0.04129	0.03008	0.03694	0.08340	0.55985	0.02450	0.01786	0.02340	0.01468	0.01959	0.01125	0.00694	0.00971	0.00255	0.05523	0.00843	0.00381	0.00998
38	0.03403	0.01291	0.01760	0.01350	0.01936	0.01115	0.01115	0.03697	0.02171	0.69137	0.02992	0.02582	0.01878	0.00939	0.00763	0.00235	0.00645	0.00763	0.00939	0.01291
39	0.01724	0.01767	0.02314	0.01989	0.02011	0.06060	0.01649	0.01892	0.01216	0.01827	0.01005	0.01643	0.00995	0.01298	0.02390	0.00324	0.68075	0.00654	0.00335	0.00832
40	0.78701	0.01467	0.01115	0.00997	0.01467	0.01702	0.00821	0.02230	0.01291	0.03403	0.01056	0.01232	0.00821	0.00704	0.00469	0.00235	0.00587	0.00411	0.00469	0.00821
41	0.00923	0.00665	0.00875	0.01044	0.01097	0.00617	0.00699	0.01058	0.01464	0.01941	0.04328	0.70091	0.07679	0.02357	0.00965	0.00306	0.00438	0.02133	0.00704	0.00617
42	0.03403	0.01291	0.01760	0.01350	0.01936	0.01115	0.01115	0.03697	0.02171	0.69137	0.02992	0.02582	0.01878	0.00939	0.00763	0.00235	0.00645	0.00763	0.00939	0.01291
43	0.01103	0.00735	0.00827	0.00827	0.00827	0.00735	0.00460	0.01103	0.01103	0.01471	0.02390	0.04964	0.02758	0.73343	0.03861	0.00735	0.00735	0.01103	0.00460	0.00460
44	0.02883	0.02125	0.02276	0.01745	0.02352	0.02352	0.01442	0.66082	0.03566	0.04780	0.01821	0.01821	0.01290	0.00911	0.00759	0.00228	0.00835	0.00683	0.00759	0.01290
45	0.01074	0.00775	0.01014	0.00954	0.01133	0.00716	0.00716	0.01431	0.02147	0.03042	0.68211	0.05666	0.07157	0.01551	0.00895	0.00239	0.00358	0.01372	0.00835	0.00716
46	0.01852	0.01648	0.02410	0.35256	0.16274	0.06634	0.04407	0.02345	0.04101	0.08402	0.01557	0.01993	0.01184	0.00790	0.00845	0.00241	0.04859	0.00675	0.00427	0.04101
47	0.01726	0.01562	0.05873	0.24736	0.12472	0.01427	0.04453	0.02173	0.01646	0.08163	0.01606	0.02116	0.01269	0.00741	0.00710	0.00206	0.00830	0.02802	0.00444	0.25044
48	0.67795	0.05848	0.01369	0.01096	0.01569	0.07615	0.00904	0.02300	0.01378	0.03178	0.01066	0.01243	0.00844	0.00707	0.00489	0.00227	0.00666	0.00417	0.00454	0.00835
49	0.01324	0.01053	0.01336	0.01408	0.07613	0.01053	0.00956	0.04486	0.12139	0.02935	0.40536	0.07364	0.11930	0.01432	0.00860	0.00244	0.00471	0.01252	0.00761	0.00848
50	0.01892	0.03955	0.01733	0.01271	0.01866	0.01339	0.01022	0.08383	0.12281	0.08458	0.01914	0.04723	0.01544	0.00777	0.00645	0.00166	0.00604	0.00630	0.00577	0.46217
51	0.01281	0.00897	0.01042	0.00939	0.01243	0.00779	0.00720	0.01606	0.03757	0.08779	0.26534	0.05672	0.33909	0.01558	0.00850	0.00235	0.00422	0.01321	0.00749	0.07708
52	0.01573	0.01348	0.01573	0.01123	0.01798	0.01011	0.00899	0.01910	0.01573	0.02472	0.01348	0.01573	0.01123	0.00562	0.00562	0.00112	0.00562	0.00449	0.00449	0.77980
53	0.01680	0.01437	0.01756	0.01491	0.08082	0.01166	0.01065	0.05795	0.01707	0.02611	0.01384	0.01616	0.01141	0.00593	0.00591	0.00130	0.00610	0.00485	0.00461	0.66201
54	0.02881	0.02183	0.02271	0.01753	0.02352	0.05022	0.01443	0.63605	0.03511	0.04665	0.01796	0.01803	0.01278	0.00905	0.00756	0.00226	0.00856	0.00675	0.00744	0.01274
55	0.00924	0.00660	0.00880	0.01056	0.01100	0.00616	0.00704	0.01056	0.01452	0.01936	0.04181	0.72848	0.05017	0.02376	0.00968	0.00308	0.00440	0.02156	0.00704	0.00616
56	0.08867	0.01539	0.02584	0.39837	0.18635	0.01721	0.09452	0.02167	0.01596	0.04468	0.01414	0.01938	0.01080	0.00727	0.00746	0.00245	0.00966	0.00679	0.00383	0.00956
57	0.02670	0.03353	0.02062	0.01885	0.02252	0.63810	0.01417	0.02872	0.02062	0.01847	0.01253	0.01519	0.01063	0.01241	0.07200	0.00291	0.01430	0.00519	0.00392	0.00860
58	0.00912	0.00769	0.00790	0.00785	0.01034	0.00647	0.00589	0.01119	0.01766	0.02137	0.13020	0.07156	0.62913	0.01888	0.00896	0.00255	0.00382	0.01581	0.00716	0.00647
59	0.01040	0.00737	0.00972	0.01027	0.01085	0.00767	0.00696	0.01170	0.01251	0.01713	0.02841	0.25825	0.03193	0.28831	0.24590	0.00757	0.01064	0.01342	0.00520	0.00580
60	0.02509	0.01457	0.04646	0.04497	0.08260	0.01327	0.01304	0.10249	0.05748	0.34105	0.02891	0.13259	0.04006	0.01147	0.00795	0.00247	0.00685	0.00975	0.00763	0.01131
61	0.03227	0.01537	0.08090	0.01426	0.02062	0.01175	0.01273	0.03575	0.02118	0.62893	0.02840	0.02490	0.01792	0.00918	0.00759	0.00235	0.00690	0.00744	0.00881	0.01275
62	0.01037	0.00747	0.00981	0.00979	0.01125	0.00691	0.00713	0.01340	0.01978	0.02772	0.52591	0.22055	0.06635	0.01752	0.00913	0.00256	0.00378	0.01563	0.00803	0.00691
63	0.01638	0.01826	0.09090	0.26622	0.22631	0.01727	0.13433	0.02246	0.04412	0.02295	0.01638	0.02371	0.01342	0.00802	0.00795	0.00250	0.01001	0.04477	0.00395	0.01010
64	0.02332	0.02319	0.11708	0.11501	0.20493	0.15244	0.01893	0.07062	0.01980	0.15663	0.01695	0.01893	0.01239	0.00782	0.00737	0.00227	0.00983	0.00640	0.00504	0.01104
65	0.02121	0.01735	0.01481	0.01290	0.01640	0.15465	0.01005	0.19055	0.06561	0.03164	0.02077	0.02265	0.01599	0.00879	0.00638	0.00199	0.00704	0.00666	0.36528	0.00928
66	0.01095	0.00791	0.01091	0.01091	0.01225	0.00875	0.00824	0.01335	0.01284	0.01843	0.02637	0.03595	0.08210	0.12568	0.50601	0.00989	0.01593	0.00910	0.06789	0.00652
67	0.01568	0.01589	0.07920	0.01221	0.01937	0.01081	0.01077	0.01956	0.01576	0.02465	0.01349	0.01576	0.01108	0.00577	0.00577	0.00124	0.00614	0.00460	0.00437	0.70789
68	0.14965	0.15202	0.14747	0.01621	0.02238	0.09075	0.01550	0.15044	0.04158	0.07687	0.01478	0.01606	0.01120	0.00815	0.00763	0.00225	0.05603	0.00556	0.00500	0.01049
69	0.01770	0.00990	0.01196	0.01086	0.01368	0.00932	0.00814	0.02148	0.08119	0.20788	0.06643	0.09608	0.17257	0.18293	0.01554	0.00371	0.00582	0.04918	0.00724	0.00839
70	0.01635	0.04883	0.09541	0.18822	0.02795	0.04315	0.01507	0.04775	0.16120	0.02570	0.10050	0.02647	0.04446	0.00924	0.00736	0.00224	0.00767	0.00768	0.00537	0.11937

[dist]
# distance from previous block
# <min> <max>
0	1

[block]
# block no. 3 follows, 26 sequences, length 69
# corresponding to MSA columns:
# 279-302,312-330,333-358
name=unknown_D
#
# <colnr> <probs for GDERKNQSTAVLIFYWHMCP>
#	G	D	E	R	K	N	Q	S	T	A	V	L	I	F	Y	W	H	M	C	P
0	0.01481	0.00974	0.01242	0.06224	0.01683	0.00901	0.00948	0.01804	0.04022	0.12392	0.04290	0.21306	0.19390	0.01637	0.00863	0.00262	0.00554	0.09989	0.00687	0.09351
1	0.18855	0.01477	0.01588	0.01204	0.01815	0.01359	0.00978	0.11070	0.01845	0.09335	0.01506	0.01629	0.01152	0.00677	0.00588	0.00167	0.00613	0.00503	0.00543	0.43096
2	0.18034	0.01978	0.02004	0.01862	0.08207	0.12812	0.03903	0.15980	0.10311	0.12151	0.01910	0.02118	0.01451	0.00877	0.00705	0.00234	0.00834	0.02939	0.00614	0.01077
3	0.01717	0.04615	0.02447	0.05807	0.02238	0.02306	0.03486	0.04581	0.01316	0.01972	0.01068	0.01679	0.01012	0.01231	0.02194	0.00314	0.60142	0.00661	0.00351	0.00861
4	0.78701	0.01467	0.01115	0.00997	0.01467	0.01702	0.00821	0.02230	0.01291	0.03403	0.01056	0.01232	0.00821	0.00704	0.00469	0.00235	0.00587	0.00411	0.00469	0.00821
5	0.01598	0.01142	0.01029	0.00978	0.01185	0.09129	0.00733	0.05150	0.01681	0.02590	0.02227	0.02775	0.01849	0.06712	0.08927	0.00344	0.00723	0.00721	0.49774	0.00736
6	0.00924	0.00660	0.00880	0.01056	0.01100	0.00616	0.00704	0.01056	0.01452	0.01936	0.04181	0.72848	0.05017	0.02376	0.00968	0.00308	0.00440	0.02156	0.00704	0.00616
7	0.04582	0.09712	0.57627	0.01986	0.02986	0.01809	0.02489	0.02317	0.01576	0.02365	0.01464	0.05114	0.01159	0.00797	0.00703	0.00237	0.01039	0.00621	0.00346	0.01071
8	0.02295	0.13575	0.02883	0.03111	0.35634	0.07863	0.01829	0.10862	0.02026	0.10481	0.01581	0.01803	0.01237	0.00742	0.00705	0.00214	0.00888	0.00627	0.00485	0.01159
9	0.01318	0.00659	0.00988	0.00988	0.00988	0.00659	0.00659	0.00988	0.00988	0.01318	0.01318	0.02306	0.01318	0.02635	0.02964	0.77931	0.00659	0.00659	0.00329	0.00329
10	0.03263	0.01304	0.01747	0.01348	0.01915	0.01152	0.01110	0.06471	0.02234	0.62854	0.06198	0.02701	0.02114	0.00968	0.00769	0.00235	0.00640	0.00790	0.00925	0.01262
11	0.01600	0.01716	0.08330	0.41708	0.20277	0.01720	0.04669	0.04388	0.01658	0.02233	0.01482	0.04180	0.01195	0.00787	0.00765	0.00246	0.00980	0.00721	0.00374	0.00971
12	0.08349	0.07943	0.06703	0.24589	0.03880	0.04789	0.28492	0.02266	0.01644	0.02277	0.01369	0.01847	0.01046	0.00694	0.00763	0.00242	0.01090	0.00707	0.00368	0.00943
13	0.78701	0.01467	0.01115	0.00997	0.01467	0.01702	0.00821	0.02230	0.01291	0.03403	0.01056	0.01232	0.00821	0.00704	0.00469	0.00235	0.00587	0.00411	0.00469	0.00821
14	0.01074	0.00775	0.01014	0.00954	0.01133	0.00716	0.00716	0.01431	0.02147	0.03042	0.68211	0.05666	0.07157	0.01551	0.00895	0.00239	0.00358	0.01372	0.00835	0.00716
15	0.00924	0.00660	0.00880	0.01056	0.01100	0.00616	0.00704	0.01056	0.01452	0.01936	0.04181	0.72848	0.05017	0.02376	0.00968	0.00308	0.00440	0.02156	0.00704	0.00616
16	0.00924	0.00660	0.00880	0.01056	0.01100	0.00616	0.00704	0.01056	0.01452	0.01936	0.04181	0.72848	0.05017	0.02376	0.00968	0.00308	0.00440	0.02156	0.00704	0.00616
17	0.00920	0.00677	0.00863	0.01012	0.01088	0.00620	0.00684	0.01061	0.01495	0.01954	0.04722	0.62727	0.14789	0.02306	0.00957	0.00300	0.00431	0.02071	0.00704	0.00620
18	0.02833	0.03615	0.02149	0.01954	0.02345	0.70298	0.01466	0.03029	0.02149	0.01856	0.01172	0.01368	0.00977	0.00782	0.00684	0.00195	0.01368	0.00489	0.00391	0.00879
19	0.01989	0.01655	0.01746	0.01525	0.01972	0.01880	0.01199	0.14508	0.51735	0.03372	0.03188	0.02966	0.06718	0.01071	0.00778	0.00252	0.00626	0.00879	0.00765	0.01177
20	0.01937	0.01464	0.01620	0.01423	0.01829	0.01616	0.01113	0.07992	0.43613	0.09367	0.15971	0.03299	0.03166	0.01116	0.00795	0.00249	0.00573	0.00939	0.00799	0.01119
21	0.00924	0.00660	0.00880	0.01056	0.01100	0.00616	0.00704	0.01056	0.01452	0.01936	0.04181	0.72848	0.05017	0.02376	0.00968	0.00308	0.00440	0.02156	0.00704	0.00616
22	0.01887	0.01629	0.01715	0.01544	0.01972	0.01887	0.01201	0.04031	0.67241	0.03173	0.03087	0.02830	0.02315	0.01029	0.00772	0.00257	0.00600	0.00858	0.00772	0.01201
23	0.01074	0.00775	0.01014	0.00954	0.01133	0.00716	0.00716	0.01431	0.02147	0.03042	0.68211	0.05666	0.07157	0.01551	0.00895	0.00239	0.00358	0.01372	0.00835	0.00716
24	0.01817	0.01565	0.02541	0.34774	0.30166	0.01724	0.02069	0.04643	0.04102	0.06966	0.01574	0.02025	0.01205	0.00753	0.00756	0.00240	0.00920	0.00688	0.00425	0.01047
25	0.01708	0.01448	0.02362	0.56020	0.07364	0.01708	0.04598	0.06759	0.01731	0.06850	0.01507	0.02041	0.01105	0.00774	0.00764	0.00249	0.00979	0.00690	0.00413	0.00928
26	0.78701	0.01467	0.01115	0.00997	0.01467	0.01702	0.00821	0.02230	0.01291	0.03403	0.01056	0.01232	0.00821	0.00704	0.00469	0.00235	0.00587	0.00411	0.00469	0.00821
27	0.02206	0.14083	0.11096	0.01789	0.04735	0.01726	0.10247	0.05925	0.07383	0.20007	0.07466	0.02373	0.01926	0.00864	0.00727	0.00224	0.00798	0.00742	0.04592	0.01090
28	0.01916	0.01337	0.01608	0.01166	0.01824	0.01031	0.00939	0.02245	0.01685	0.14967	0.01656	0.01762	0.01265	0.00632	0.00599	0.00135	0.00577	0.00508	0.00541	0.63606
29	0.56625	0.01495	0.01250	0.01087	0.01552	0.05083	0.00884	0.02488	0.01506	0.14446	0.01489	0.01579	0.01087	0.00760	0.00535	0.00229	0.00621	0.00495	0.05894	0.00896
30	0.02883	0.02125	0.02276	0.01745	0.02352	0.02352	0.01442	0.66082	0.03566	0.04780	0.01821	0.01821	0.01290	0.00911	0.00759	0.00228	0.00835	0.00683	0.00759	0.01290
31	0.01659	0.01659	0.02323	0.01991	0.01991	0.02323	0.01659	0.01825	0.01162	0.01825	0.00996	0.01659	0.00996	0.01328	0.02489	0.00332	0.71955	0.00664	0.00332	0.00830
32	0.05385	0.01524	0.01906	0.07936	0.02260	0.01612	0.01288	0.20837	0.02333	0.30488	0.04712	0.02422	0.01761	0.04609	0.01063	0.00268	0.06983	0.00751	0.00734	0.01128
33	0.07008	0.10375	0.02312	0.04005	0.12333	0.01908	0.03146	0.17624	0.12284	0.05833	0.01957	0.02351	0.01583	0.01308	0.06868	0.00316	0.00889	0.03811	0.00572	0.03516
34	0.00963	0.00712	0.00905	0.01019	0.01129	0.00654	0.00725	0.01153	0.01616	0.02128	0.13162	0.47094	0.16595	0.02164	0.00952	0.00293	0.00440	0.06934	0.00721	0.00640
35	0.78701	0.01467	0.01115	0.00997	0.01467	0.01702	0.00821	0.02230	0.01291	0.03403	0.01056	0.01232	0.00821	0.00704	0.00469	0.00235	0.00587	0.00411	0.00469	0.00821
36	0.01318	0.00659	0.00988	0.00988	0.00988	0.00659	0.00659	0.00988	0.00988	0.01318	0.01318	0.02306	0.01318	0.02635	0.02964	0.77931	0.00659	0.00659	0.00329	0.00329
37	0.15511	0.23693	0.06170	0.01716	0.02260	0.10075	0.09735	0.05156	0.05068	0.04523	0.01339	0.01562	0.01083	0.00787	0.00815	0.00222	0.08326	0.00561	0.00427	0.00970
38	0.01613	0.01455	0.05576	0.43047	0.10192	0.01532	0.01858	0.02139	0.04322	0.07636	0.02015	0.02755	0.04245	0.04251	0.00921	0.00276	0.00904	0.03906	0.00447	0.00910
39	0.01002	0.00695	0.00865	0.00960	0.00992	0.00668	0.00606	0.01091	0.01341	0.01796	0.06159	0.42762	0.04200	0.30835	0.02126	0.00477	0.00555	0.01700	0.00611	0.00557
40	0.01150	0.00873	0.01071	0.01004	0.01219	0.00843	0.00758	0.01696	0.09574	0.02961	0.54891	0.05498	0.12511	0.01527	0.00881	0.00242	0.00388	0.01335	0.00815	0.00764
41	0.10376	0.01504	0.02293	0.34392	0.13642	0.01717	0.04239	0.04873	0.01673	0.10608	0.01532	0.01948	0.01142	0.00805	0.00857	0.00249	0.06062	0.00664	0.00450	0.00974
42	0.19928	0.01747	0.01722	0.04052	0.02028	0.10271	0.01160	0.14265	0.02166	0.28364	0.02028	0.01980	0.01392	0.00851	0.00674	0.00226	0.00757	0.00628	0.04674	0.01086
43	0.01130	0.00795	0.01015	0.00964	0.01166	0.00726	0.00735	0.01463	0.02073	0.04910	0.54996	0.05932	0.14908	0.01608	0.00898	0.00246	0.00387	0.04511	0.00814	0.00723
44	0.00977	0.00730	0.00913	0.00987	0.01124	0.00665	0.00714	0.01197	0.01717	0.02273	0.21620	0.35829	0.20101	0.02037	0.00938	0.00281	0.00424	0.06081	0.00738	0.00653
45	0.01805	0.16096	0.07429	0.36702	0.07186	0.01960	0.06345	0.04751	0.01686	0.06998	0.01446	0.01859	0.01093	0.00741	0.00711	0.00230	0.00958	0.00635	0.00399	0.00969
46	0.01461	0.01371	0.02215	0.58491	0.07386	0.01685	0.01979	0.02016	0.04827	0.02022	0.01709	0.02278	0.04134	0.00850	0.00851	0.00256	0.04503	0.00725	0.00377	0.00866
47	0.00938	0.00671	0.00893	0.01047	0.01103	0.00625	0.00705	0.01091	0.01517	0.02039	0.10105	0.66632	0.05215	0.02300	0.00961	0.00302	0.00432	0.02084	0.00716	0.00625
48	0.02664	0.04690	0.01838	0.01394	0.01885	0.06369	0.01139	0.26614	0.02537	0.22553	0.02228	0.02209	0.01571	0.00893	0.00692	0.00213	0.00708	0.00686	0.18001	0.01118
49	0.02464	0.01894	0.13007	0.01728	0.02357	0.01516	0.08300	0.11978	0.09069	0.28935	0.02526	0.08736	0.01903	0.01009	0.00789	0.00246	0.00793	0.00871	0.00715	0.01163
50	0.01966	0.01952	0.09140	0.10639	0.02780	0.04415	0.09927	0.16587	0.11964	0.05255	0.02285	0.04803	0.04942	0.01028	0.00924	0.00256	0.06070	0.03457	0.00569	0.01041
51	0.05033	0.01776	0.02132	0.29268	0.03370	0.09436	0.04143	0.16899	0.07810	0.02759	0.01763	0.05652	0.01431	0.01120	0.03910	0.00287	0.00985	0.00753	0.00507	0.00968
52	0.07517	0.13536	0.02412	0.07802	0.05355	0.01826	0.06007	0.04999	0.07457	0.08091	0.01571	0.01792	0.01235	0.00779	0.00831	0.00207	0.07941	0.00595	0.00483	0.19563
53	0.62262	0.01468	0.01338	0.06055	0.03896	0.01678	0.00997	0.02173	0.01336	0.03142	0.01107	0.01349	0.00875	0.00721	0.00585	0.00231	0.03442	0.00450	0.00450	0.06444
54	0.00934	0.00678	0.00884	0.01045	0.01112	0.00629	0.00714	0.01080	0.01488	0.01960	0.04481	0.64517	0.10545	0.02325	0.00965	0.00305	0.00446	0.04568	0.00704	0.00622
55	0.01074	0.00775	0.01014	0.00954	0.01133	0.00716	0.00716	0.01431	0.02147	0.03042	0.68211	0.05666	0.07157	0.01551	0.00895	0.00239	0.00358	0.01372	0.00835	0.00716
56	0.01103	0.00735	0.00827	0.00827	0.00827	0.00735	0.00460	0.01103	0.01103	0.01471	0.02390	0.04964	0.02758	0.73343	0.03861	0.00735	0.00735	0.01103	0.00460	0.00460
57	0.01222	0.00873	0.01222	0.01397	0.01572	0.00873	0.01222	0.01572	0.01746	0.02270	0.04016	0.08556	0.04365	0.02095	0.01048	0.00349	0.00698	0.63506	0.00698	0.00698
58	0.00984	0.00756	0.01130	0.01205	0.01299	0.00706	0.05225	0.01151	0.01476	0.01971	0.03997	0.67935	0.04748	0.02256	0.00963	0.00304	0.00498	0.02069	0.00682	0.00644
59	0.01318	0.00659	0.00988	0.00988	0.00988	0.00659	0.00659	0.00988	0.00988	0.01318	0.01318	0.02306	0.01318	0.02635	0.02964	0.77931	0.00659	0.00659	0.00329	0.00329
60	0.78701	0.01467	0.01115	0.00997	0.01467	0.01702	0.00821	0.02230	0.01291	0.03403	0.01056	0.01232	0.00821	0.00704	0.00469	0.00235	0.00587	0.00411	0.00469	0.00821
61	0.02894	0.01417	0.01977	0.06367	0.02295	0.01353	0.05359	0.09148	0.06669	0.46431	0.05967	0.02611	0.02012	0.00941	0.00778	0.00238	0.00711	0.00795	0.00828	0.01207
62	0.01741	0.01819	0.02403	0.04906	0.02277	0.09089	0.07276	0.01979	0.01401	0.01971	0.05740	0.01957	0.01436	0.01203	0.01981	0.00301	0.50581	0.00716	0.00378	0.00845
63	0.03403	0.01291	0.01760	0.01350	0.01936	0.01115	0.01115	0.03697	0.02171	0.69137	0.02992	0.02582	0.01878	0.00939	0.00763	0.00235	0.00645	0.00763	0.00939	0.01291
64	0.01794	0.02035	0.04412	0.03263	0.06894	0.01913	0.62977	0.02425	0.01787	0.02432	0.01530	0.02038	0.01153	0.00641	0.00889	0.00254	0.01262	0.00885	0.00383	0.01031
65	0.07049	0.02020	0.02362	0.11284	0.25453	0.12423	0.01752	0.11689	0.13275	0.02820	0.01696	0.01931	0.01323	0.00798	0.00728	0.00231	0.00905	0.00662	0.00502	0.01096
66	0.02485	0.01265	0.01620	0.01434	0.04467	0.01205	0.01098	0.08085	0.07868	0.35780	0.06658	0.03757	0.07947	0.06058	0.01016	0.00282	0.00641	0.06441	0.00808	0.01086
67	0.01147	0.00786	0.00877	0.00870	0.01041	0.00777	0.00629	0.01434	0.03972	0.02142	0.04092	0.04716	0.23601	0.16097	0.13320	0.00493	0.00736	0.01097	0.21522	0.00651
68	0.07494	0.01575	0.02053	0.16590	0.09524	0.08007	0.07082	0.06838	0.01775	0.09419	0.01918	0.07189	0.01655	0.07465	0.03956	0.00323	0.00920	0.00815	0.04489	0.00914

[dist]
# distance from previous block
# <min> <max>
0	2

[block]
# block no. 4 follows, 26 sequences, length 18
# corresponding to MSA columns:
# 361-378
name=unknown_E
#
# <colnr> <probs for GDERKNQSTAVLIFYWHMCP>
#	G	D	E	R	K	N	Q	S	T	A	V	L	I	F	Y	W	H	M	C	P
0	0.01818	0.09045	0.01872	0.01186	0.01848	0.01287	0.00981	0.04829	0.01701	0.07615	0.01464	0.01623	0.01173	0.00615	0.00578	0.00132	0.00606	0.00479	0.00487	0.60664
1	0.02313	0.31886	0.05434	0.04166	0.02212	0.24404	0.01398	0.04919	0.01874	0.07165	0.03872	0.01672	0.01325	0.00953	0.03220	0.00230	0.01028	0.00538	0.00432	0.00959
2	0.10695	0.09150	0.02064	0.08360	0.09332	0.01589	0.01256	0.07166	0.04058	0.02663	0.01391	0.01636	0.01126	0.00663	0.00605	0.00172	0.00694	0.00519	0.00456	0.36405
3	0.10437	0.14851	0.02815	0.22399	0.10877	0.05340	0.10165	0.04650	0.04016	0.02343	0.01351	0.01747	0.01079	0.00750	0.00770	0.00232	0.04204	0.00623	0.00394	0.00960
4	0.01510	0.04973	0.04936	0.37670	0.09116	0.01678	0.08250	0.01980	0.01616	0.02195	0.08965	0.02380	0.01771	0.00867	0.00881	0.00247	0.05761	0.00759	0.03561	0.00885
5	0.01659	0.01659	0.02323	0.01991	0.01991	0.02323	0.01659	0.01825	0.01162	0.01825	0.00996	0.01659	0.00996	0.01328	0.02489	0.00332	0.71955	0.00664	0.00332	0.00830
6	0.01053	0.00783	0.01108	0.07089	0.04580	0.00787	0.00900	0.01254	0.01465	0.02010	0.03572	0.54752	0.04112	0.02266	0.05150	0.00347	0.00601	0.01786	0.05713	0.00672
7	0.01057	0.00775	0.00991	0.00937	0.01123	0.00709	0.00703	0.01399	0.02108	0.02948	0.62514	0.05820	0.12913	0.01586	0.00895	0.00240	0.00360	0.01393	0.00823	0.00709
8	0.00924	0.00660	0.00880	0.01056	0.01100	0.00616	0.00704	0.01056	0.01452	0.01936	0.04181	0.72848	0.05017	0.02376	0.00968	0.00308	0.00440	0.02156	0.00704	0.00616
9	0.01790	0.01635	0.02226	0.13173	0.20032	0.01880	0.01686	0.03023	0.32775	0.02655	0.02158	0.02329	0.01680	0.00926	0.00949	0.00256	0.08407	0.00761	0.00553	0.01106
10	0.09475	0.00925	0.01156	0.01116	0.01227	0.01065	0.00816	0.01396	0.01180	0.01837	0.01972	0.03404	0.02020	0.29374	0.33100	0.00865	0.07157	0.00863	0.00426	0.00626
11	0.12802	0.01733	0.01842	0.01468	0.02003	0.01867	0.01200	0.36886	0.07614	0.13521	0.02613	0.02516	0.08587	0.01004	0.00736	0.00235	0.00708	0.00770	0.00741	0.01151
12	0.01659	0.01659	0.02323	0.01991	0.01991	0.02323	0.01659	0.01825	0.01162	0.01825	0.00996	0.01659	0.00996	0.01328	0.02489	0.00332	0.71955	0.00664	0.00332	0.00830
13	0.01573	0.01348	0.01573	0.01123	0.01798	0.01011	0.00899	0.01910	0.01573	0.02472	0.01348	0.01573	0.01123	0.00562	0.00562	0.00112	0.00562	0.00449	0.00449	0.77980
14	0.02883	0.02125	0.02276	0.01745	0.02352	0.02352	0.01442	0.66082	0.03566	0.04780	0.01821	0.01821	0.01290	0.00911	0.00759	0.00228	0.00835	0.00683	0.00759	0.01290
15	0.01573	0.01348	0.01573	0.01123	0.01798	0.01011	0.00899	0.01910	0.01573	0.02472	0.01348	0.01573	0.01123	0.00562	0.00562	0.00112	0.00562	0.00449	0.00449	0.77980
16	0.00979	0.00734	0.01030	0.08625	0.01543	0.00731	0.00855	0.01151	0.01459	0.01936	0.03876	0.65241	0.04586	0.02203	0.00946	0.00302	0.00501	0.01997	0.00665	0.00640
17	0.02963	0.01996	0.02197	0.01684	0.02288	0.02162	0.01391	0.56485	0.03352	0.14681	0.02001	0.01938	0.01380	0.00915	0.00759	0.00229	0.00806	0.00695	0.00786	0.01290

[dist]
# distance from previous block
# <min> <max>
0	2

[block]
# block no. 5 follows, 26 sequences, length 22
# corresponding to MSA columns:
# 381-402
name=unknown_F
#
# <colnr> <probs for GDERKNQSTAVLIFYWHMCP>
#	G	D	E	R	K	N	Q	S	T	A	V	L	I	F	Y	W	H	M	C	P
0	0.05296	0.01541	0.02530	0.45433	0.18445	0.01765	0.06027	0.05831	0.01689	0.02321	0.01391	0.01943	0.01068	0.00740	0.00752	0.00245	0.00974	0.00676	0.00379	0.00956
1	0.01741	0.01303	0.01734	0.06835	0.12722	0.01353	0.01261	0.06964	0.15428	0.09318	0.25584	0.03710	0.06517	0.01157	0.00814	0.00241	0.00605	0.01006	0.00710	0.00996
2	0.01721	0.01726	0.06491	0.01299	0.01971	0.05676	0.01109	0.04760	0.05048	0.02557	0.01446	0.01636	0.01170	0.00626	0.00600	0.00139	0.00667	0.00490	0.00466	0.60402
3	0.01103	0.00735	0.00827	0.00827	0.00827	0.00735	0.00460	0.01103	0.01103	0.01471	0.02390	0.04964	0.02758	0.73343	0.03861	0.00735	0.00735	0.01103	0.00460	0.00460
4	0.21537	0.01306	0.01599	0.19491	0.02532	0.01418	0.01232	0.07038	0.01851	0.16280	0.11972	0.02771	0.06023	0.00979	0.00714	0.00241	0.00682	0.00784	0.00620	0.00931
5	0.06020	0.11874	0.08114	0.01586	0.02086	0.09560	0.01388	0.10555	0.21973	0.05998	0.06692	0.02247	0.01899	0.00945	0.00827	0.00234	0.05642	0.00704	0.00594	0.01063
6	0.01414	0.00707	0.00707	0.00707	0.00884	0.00707	0.00530	0.01767	0.01591	0.02828	0.02474	0.02828	0.01944	0.00884	0.00530	0.00177	0.00353	0.00707	0.77554	0.00707
7	0.05723	0.01759	0.02260	0.21726	0.07853	0.08524	0.08406	0.02673	0.18414	0.02482	0.01786	0.02056	0.01375	0.00782	0.00728	0.00227	0.00881	0.00683	0.00483	0.11180
8	0.01659	0.01659	0.02323	0.01991	0.01991	0.02323	0.01659	0.01825	0.01162	0.01825	0.00996	0.01659	0.00996	0.01328	0.02489	0.00332	0.71955	0.00664	0.00332	0.00830
9	0.01103	0.00735	0.00827	0.00827	0.00827	0.00735	0.00460	0.01103	0.01103	0.01471	0.02390	0.04964	0.02758	0.73343	0.03861	0.00735	0.00735	0.01103	0.00460	0.00460
10	0.03998	0.01070	0.01508	0.09865	0.12146	0.01089	0.01165	0.01879	0.04975	0.08696	0.06451	0.25286	0.06823	0.01475	0.00885	0.02843	0.00603	0.01250	0.07154	0.00839
11	0.01813	0.15528	0.19269	0.01703	0.02320	0.01609	0.09478	0.02260	0.01703	0.13135	0.04611	0.16063	0.02294	0.01145	0.00774	0.00244	0.00826	0.03709	0.00540	0.00978
12	0.03403	0.01291	0.01760	0.01350	0.01936	0.01115	0.01115	0.03697	0.02171	0.69137	0.02992	0.02582	0.01878	0.00939	0.00763	0.00235	0.00645	0.00763	0.00939	0.01291
