[name]
unknown

[dist]
# distance from previous block
# <min> <max>
0	44

[block]
# block no. 0 follows, 30 sequences, length 34
# corresponding to MSA columns:
# 55-88
name=unknown_A
#
# <colnr> <probs for GDERKNQSTAVLIFYWHMCP>
#	G	D	E	R	K	N	Q	S	T	A	V	L	I	F	Y	W	H	M	C	P
0	0.06044	0.09253	0.08784	0.13907	0.02335	0.07475	0.01325	0.04950	0.07228	0.10446	0.05974	0.02402	0.01715	0.04371	0.00793	0.00230	0.00752	0.04237	0.00492	0.07287
1	0.05882	0.08842	0.10427	0.09861	0.02404	0.15836	0.04358	0.08792	0.03687	0.07130	0.01405	0.01590	0.01070	0.00690	0.00616	0.00187	0.00851	0.00529	0.02958	0.12886
2	0.04946	0.07782	0.07276	0.05329	0.02030	0.05346	0.03450	0.13382	0.06538	0.09234	0.02244	0.04979	0.08446	0.00986	0.02408	0.00219	0.00726	0.00709	0.00529	0.13442
3	0.01652	0.10852	0.05737	0.01572	0.08786	0.03364	0.04328	0.05857	0.06563	0.09206	0.13210	0.07945	0.07749	0.01072	0.00777	0.03194	0.00636	0.00861	0.00550	0.06089
4	0.03883	0.09603	0.14700	0.13061	0.05500	0.01525	0.07458	0.03595	0.06828	0.09682	0.01777	0.07442	0.01472	0.02726	0.00741	0.00224	0.00778	0.00712	0.02978	0.05314
5	0.03394	0.00730	0.00849	0.00831	0.00909	0.00735	0.00533	0.01172	0.01136	0.04273	0.02657	0.04343	0.09630	0.52242	0.13134	0.00663	0.00809	0.00994	0.00457	0.00510
6	0.01989	0.10314	0.02049	0.12370	0.02348	0.06140	0.01264	0.25020	0.10121	0.02903	0.01565	0.01707	0.01196	0.00735	0.00627	0.00187	0.00736	0.00567	0.02787	0.15376
7	0.02124	0.27927	0.12279	0.01637	0.05053	0.20473	0.01453	0.05925	0.07050	0.07891	0.01384	0.01480	0.01085	0.00701	0.00590	0.00185	0.00896	0.00497	0.00416	0.00957
8	0.05367	0.02098	0.21314	0.01692	0.05679	0.01599	0.01578	0.17814	0.04941	0.12542	0.01598	0.01716	0.01163	0.00816	0.00829	0.02509	0.05967	0.00578	0.00510	0.09690
9	0.01349	0.00886	0.01094	0.01018	0.01259	0.00861	0.00780	0.01888	0.12300	0.11214	0.36859	0.11830	0.10409	0.01409	0.00803	0.00234	0.00419	0.03866	0.00744	0.00777
10	0.01002	0.00729	0.01025	0.01025	0.01116	0.00820	0.00751	0.01184	0.01093	0.01548	0.01958	0.03232	0.01958	0.24116	0.54120	0.01002	0.01549	0.00819	0.00387	0.00569
11	0.00878	0.00627	0.00842	0.01004	0.01056	0.00591	0.00697	0.01020	0.01364	0.01813	0.03831	0.68154	0.04554	0.02160	0.00898	0.00287	0.00429	0.08574	0.00647	0.00575
12	0.02607	0.03326	0.01978	0.01798	0.02157	0.72674	0.01348	0.02787	0.01978	0.01708	0.01079	0.01258	0.00899	0.00719	0.00629	0.00180	0.01258	0.00449	0.00360	0.00809
13	0.01013	0.00684	0.00798	0.00798	0.00811	0.00697	0.00469	0.01038	0.01026	0.01380	0.02165	0.04380	0.02456	0.68293	0.10624	0.00722	0.00798	0.00987	0.00418	0.00443
14	0.01807	0.01534	0.01618	0.01435	0.01842	0.01769	0.01122	0.08774	0.64679	0.03034	0.02750	0.02531	0.02057	0.00938	0.00709	0.00235	0.00569	0.00776	0.00709	0.01111
15	0.02660	0.01747	0.01941	0.01510	0.02048	0.01881	0.01240	0.48372	0.09819	0.18396	0.02021	0.01918	0.01397	0.00854	0.00700	0.00214	0.00709	0.00660	0.00734	0.01179
16	0.01079	0.00788	0.01061	0.01197	0.01369	0.00770	0.01034	0.01378	0.01604	0.02057	0.04211	0.07695	0.14238	0.01903	0.00943	0.00308	0.00598	0.56490	0.00643	0.00634
17	0.01496	0.01728	0.09370	0.01898	0.02065	0.01991	0.06821	0.01755	0.01158	0.01774	0.01037	0.01611	0.00966	0.01318	0.05581	0.00333	0.57365	0.00624	0.00311	0.00797
18	0.55180	0.01831	0.07509	0.01193	0.01687	0.08921	0.01053	0.10986	0.01571	0.03072	0.01101	0.01248	0.00839	0.00682	0.00508	0.00212	0.00687	0.00431	0.00448	0.00843
19	0.00868	0.00709	0.00767	0.00752	0.00969	0.00607	0.00564	0.01085	0.01693	0.02127	0.23952	0.06317	0.53805	0.01677	0.00824	0.00231	0.00347	0.01417	0.00680	0.00607
20	0.01621	0.01860	0.06409	0.11385	0.03647	0.01759	0.53311	0.04021	0.01632	0.02218	0.01372	0.01843	0.01034	0.00637	0.00858	0.00237	0.04105	0.00773	0.00353	0.00924
21	0.04256	0.01538	0.05186	0.01298	0.01812	0.03720	0.01098	0.06737	0.06261	0.07784	0.01439	0.01610	0.01136	0.00713	0.00813	0.00169	0.10897	0.00509	0.00466	0.42556
22	0.00846	0.00708	0.00736	0.00729	0.00955	0.00598	0.00547	0.01042	0.01640	0.02002	0.15214	0.06524	0.62622	0.01724	0.00825	0.00234	0.00350	0.01446	0.00663	0.00598
23	0.00908	0.00683	0.00840	0.00857	0.01008	0.00616	0.00621	0.01141	0.01702	0.02284	0.35959	0.24208	0.23185	0.01720	0.00842	0.00241	0.00356	0.01510	0.00704	0.00616
24	0.02115	0.11035	0.08820	0.05789	0.13800	0.01802	0.01506	0.16405	0.14845	0.14108	0.01860	0.01896	0.01361	0.00772	0.00665	0.00210	0.00740	0.00627	0.00560	0.01085
25	0.01455	0.14725	0.02444	0.54214	0.10472	0.01779	0.01823	0.01872	0.01418	0.01804	0.01198	0.01715	0.00940	0.00672	0.00652	0.00215	0.00888	0.00576	0.00311	0.00828
26	0.00894	0.00710	0.00804	0.00780	0.00985	0.00619	0.00585	0.01136	0.01755	0.02276	0.34327	0.06072	0.43338	0.01621	0.00824	0.00229	0.00343	0.01383	0.00699	0.00619
27	0.01488	0.01387	0.02258	0.50122	0.16814	0.01615	0.04103	0.04533	0.06840	0.02077	0.01400	0.01887	0.01070	0.00705	0.00702	0.00227	0.00884	0.00641	0.00364	0.00883
28	0.01651	0.04911	0.31326	0.01948	0.02691	0.01605	0.17947	0.09345	0.03953	0.06139	0.04742	0.02226	0.06721	0.00798	0.00721	0.00222	0.00908	0.00721	0.00442	0.00983
29	0.00862	0.00616	0.00824	0.00986	0.01031	0.00577	0.00669	0.00993	0.01348	0.01795	0.03839	0.72048	0.04589	0.02175	0.00894	0.00285	0.00415	0.04836	0.00648	0.00570
30	0.02968	0.01438	0.03984	0.01347	0.01907	0.01300	0.01143	0.18035	0.02268	0.54296	0.02463	0.02189	0.01579	0.00851	0.00700	0.00215	0.00647	0.00679	0.00808	0.01182
31	0.19934	0.12345	0.18685	0.05076	0.05270	0.04636	0.06224	0.07117	0.01629	0.10968	0.01370	0.01521	0.01006	0.00685	0.00600	0.00208	0.00813	0.00524	0.00435	0.00955
32	0.04368	0.01571	0.06641	0.09205	0.07317	0.04994	0.11300	0.05195	0.04374	0.15933	0.03926	0.07913	0.03684	0.01101	0.03213	0.00263	0.04853	0.02703	0.00526	0.00920
33	0.01783	0.01413	0.02038	0.21794	0.04635	0.01556	0.08321	0.12140	0.15212	0.07846	0.01746	0.02020	0.01318	0.00950	0.00956	0.08351	0.02723	0.00672	0.00498	0.04026

[dist]
# distance from previous block
# <min> <max>
0	6

[block]
# block no. 1 follows, 30 sequences, length 106
# corresponding to MSA columns:
# 95-200
name=unknown_B
#
# <colnr> <probs for GDERKNQSTAVLIFYWHMCP>
#	G	D	E	R	K	N	Q	S	T	A	V	L	I	F	Y	W	H	M	C	P
0	0.03846	0.06849	0.09959	0.11778	0.10025	0.03978	0.01401	0.02183	0.01615	0.15804	0.08284	0.02106	0.01694	0.00954	0.03860	0.00235	0.00771	0.00629	0.00489	0.13539
1	0.05660	0.11215	0.13810	0.01511	0.04553	0.01492	0.03411	0.02773	0.11436	0.28083	0.07312	0.02217	0.01820	0.00823	0.00664	0.00212	0.00686	0.00670	0.00612	0.01041
2	0.01630	0.01474	0.06105	0.23105	0.21158	0.01434	0.06499	0.05919	0.01648	0.08376	0.01986	0.08143	0.04064	0.00915	0.00738	0.00232	0.00809	0.04395	0.00451	0.00920
3	0.01074	0.00845	0.01127	0.09287	0.05604	0.00805	0.00865	0.01352	0.01683	0.04039	0.27921	0.12396	0.24951	0.01439	0.00796	0.00228	0.00455	0.01252	0.00632	0.03245
4	0.01447	0.01240	0.01447	0.01034	0.01654	0.00930	0.00827	0.01757	0.01447	0.02274	0.01240	0.01447	0.01034	0.00517	0.00517	0.00103	0.00517	0.00413	0.00413	0.79742
5	0.01435	0.01289	0.01843	0.24110	0.04566	0.01249	0.05224	0.01877	0.04240	0.02139	0.01341	0.01694	0.01069	0.00625	0.00649	0.00167	0.02604	0.00536	0.02779	0.40562
6	0.00889	0.00648	0.00841	0.00953	0.01034	0.00592	0.00646	0.01030	0.01381	0.01859	0.07917	0.63053	0.06980	0.03968	0.00937	0.00280	0.00410	0.01825	0.00639	0.04118
7	0.08603	0.02104	0.13263	0.01907	0.04577	0.04712	0.14753	0.27943	0.04466	0.05406	0.01560	0.01715	0.01137	0.00737	0.00684	0.00215	0.00863	0.00630	0.03690	0.01036
8	0.01171	0.00633	0.00950	0.00950	0.00974	0.00657	0.00657	0.00974	0.00950	0.01290	0.01338	0.02240	0.01314	0.02964	0.16163	0.64612	0.00849	0.00633	0.00317	0.00364
9	0.01015	0.00677	0.00761	0.00761	0.00761	0.00677	0.00423	0.01015	0.01015	0.01353	0.02199	0.04567	0.02537	0.75476	0.03552	0.00677	0.00677	0.01015	0.00423	0.00423
10	0.01496	0.01756	0.14044	0.24749	0.21692	0.01516	0.03917	0.06999	0.01635	0.02223	0.01919	0.04263	0.06741	0.00847	0.00719	0.00227	0.00845	0.03097	0.00396	0.00920
11	0.04097	0.29341	0.11907	0.01887	0.10899	0.04602	0.06944	0.06233	0.05687	0.10024	0.01442	0.01571	0.01114	0.00678	0.00602	0.00192	0.00814	0.00539	0.00425	0.00999
12	0.01437	0.00792	0.01044	0.00993	0.01210	0.00714	0.00745	0.01675	0.01739	0.18470	0.27172	0.27138	0.09116	0.01576	0.00820	0.00243	0.00426	0.03202	0.00740	0.00748
13	0.02425	0.01201	0.01520	0.01208	0.01679	0.01094	0.00972	0.10350	0.04119	0.40517	0.07738	0.09364	0.02234	0.00987	0.00704	0.00208	0.00564	0.00823	0.00752	0.11540
14	0.06215	0.06674	0.09735	0.12046	0.06998	0.11895	0.06628	0.06386	0.03868	0.20341	0.01673	0.01786	0.01190	0.00734	0.00665	0.00211	0.00861	0.00598	0.00505	0.00990
15	0.01293	0.00777	0.01020	0.01051	0.01193	0.00751	0.00760	0.03500	0.01524	0.12097	0.06433	0.51814	0.03918	0.01822	0.00888	0.00265	0.03000	0.03302	0.03899	0.00693
16	0.01622	0.19684	0.38771	0.01873	0.04854	0.01928	0.06710	0.05071	0.08897	0.02250	0.01389	0.01559	0.01053	0.00679	0.00632	0.00206	0.00907	0.00542	0.00362	0.01010
17	0.01984	0.10805	0.06031	0.01418	0.01888	0.08872	0.01208	0.16852	0.25873	0.05621	0.05362	0.02305	0.04577	0.00890	0.00668	0.00210	0.00697	0.00696	0.03033	0.01011
18	0.01447	0.01240	0.01447	0.01034	0.01654	0.00930	0.00827	0.01757	0.01447	0.02274	0.01240	0.01447	0.01034	0.00517	0.00517	0.00103	0.00517	0.00413	0.00413	0.79742
19	0.01533	0.05222	0.03444	0.01120	0.01421	0.01006	0.00883	0.04834	0.07240	0.14332	0.07592	0.34327	0.04931	0.01460	0.00766	0.00235	0.00507	0.01277	0.00652	0.07216
20	0.15533	0.34713	0.14663	0.01596	0.07290	0.02134	0.03502	0.02280	0.08494	0.02200	0.01252	0.01407	0.01018	0.00655	0.00539	0.00189	0.00759	0.00474	0.00369	0.00933
21	0.00874	0.00643	0.00808	0.00918	0.01004	0.00592	0.00633	0.01018	0.01412	0.01846	0.08099	0.51783	0.16814	0.06219	0.01029	0.00295	0.00416	0.04386	0.00642	0.00571
22	0.04262	0.01971	0.19687	0.01418	0.02124	0.03457	0.04055	0.05058	0.01597	0.08044	0.01380	0.01541	0.01047	0.00611	0.00591	0.00159	0.00717	0.00489	0.00429	0.41365
23	0.01214	0.00880	0.01165	0.04071	0.04257	0.00777	0.00833	0.01420	0.01422	0.06614	0.02883	0.44973	0.03193	0.01537	0.00764	0.00227	0.00485	0.01377	0.00575	0.21331
24	0.01419	0.01269	0.02022	0.44699	0.03649	0.04211	0.08763	0.01809	0.01479	0.05949	0.01973	0.13702	0.04172	0.00973	0.00744	0.00238	0.00845	0.00889	0.00416	0.00779
25	0.01444	0.09222	0.62622	0.01917	0.02858	0.01739	0.02411	0.02171	0.01447	0.02136	0.01211	0.01448	0.00887	0.00688	0.00735	0.00220	0.05032	0.00510	0.00296	0.01006
26	0.00896	0.00627	0.00796	0.00913	0.00942	0.00598	0.00585	0.00984	0.01246	0.01662	0.03385	0.55306	0.04034	0.22694	0.01635	0.00393	0.00481	0.01713	0.00585	0.00527
27	0.01447	0.01240	0.01447	0.01034	0.01654	0.00930	0.00827	0.01757	0.01447	0.02274	0.01240	0.01447	0.01034	0.00517	0.00517	0.00103	0.00517	0.00413	0.00413	0.79742
28	0.01015	0.00677	0.00761	0.00761	0.00761	0.00677	0.00423	0.01015	0.01015	0.01353	0.02199	0.04567	0.02537	0.75476	0.03552	0.00677	0.00677	0.01015	0.00423	0.00423
29	0.02743	0.01608	0.01841	0.05490	0.02109	0.05728	0.01211	0.29230	0.02446	0.34682	0.02114	0.02013	0.01419	0.00969	0.02896	0.00240	0.00760	0.00654	0.00722	0.01125
30	0.01379	0.00854	0.01095	0.00976	0.01217	0.00805	0.00751	0.03784	0.05045	0.12719	0.55866	0.04581	0.05524	0.01307	0.00797	0.00219	0.00391	0.01141	0.00777	0.00770
31	0.00997	0.00748	0.01121	0.01121	0.01246	0.00872	0.00872	0.01246	0.01121	0.01620	0.01869	0.02741	0.01745	0.05234	0.72710	0.01121	0.01869	0.00748	0.00374	0.00623
32	0.00850	0.00607	0.00810	0.00972	0.01012	0.00567	0.00648	0.00972	0.01336	0.01781	0.03846	0.75020	0.04615	0.02186	0.00891	0.00283	0.00405	0.01984	0.00648	0.00567
33	0.00825	0.00707	0.00707	0.00707	0.00943	0.00589	0.00530	0.01001	0.01591	0.01885	0.07069	0.06716	0.70839	0.01767	0.00825	0.00236	0.00353	0.01473	0.00648	0.00589
34	0.02234	0.01747	0.01858	0.01521	0.02004	0.01968	0.01225	0.39067	0.33692	0.03722	0.02207	0.02099	0.01618	0.00888	0.00704	0.00222	0.00669	0.00702	0.00704	0.01149
35	0.80405	0.01350	0.01026	0.00918	0.01350	0.01565	0.00756	0.02051	0.01188	0.03131	0.00972	0.01134	0.00756	0.00648	0.00432	0.00216	0.00540	0.00378	0.00432	0.00756
36	0.02540	0.03186	0.01947	0.01769	0.02131	0.67246	0.01330	0.02857	0.07172	0.01801	0.01213	0.01361	0.00993	0.00737	0.00635	0.00184	0.01204	0.00475	0.00386	0.00832
37	0.03131	0.01188	0.01619	0.01242	0.01781	0.01026	0.01026	0.03401	0.01997	0.71606	0.02753	0.02375	0.01727	0.00864	0.00702	0.00216	0.00594	0.00702	0.00864	0.01188
38	0.80405	0.01350	0.01026	0.00918	0.01350	0.01565	0.00756	0.02051	0.01188	0.03131	0.00972	0.01134	0.00756	0.00648	0.00432	0.00216	0.00540	0.00378	0.00432	0.00756
39	0.02653	0.01955	0.02094	0.01606	0.02164	0.02164	0.01326	0.68796	0.03281	0.04398	0.01675	0.01675	0.01187	0.00838	0.00698	0.00209	0.00768	0.00628	0.00698	0.01187
40	0.80405	0.01350	0.01026	0.00918	0.01350	0.01565	0.00756	0.02051	0.01188	0.03131	0.00972	0.01134	0.00756	0.00648	0.00432	0.00216	0.00540	0.00378	0.00432	0.00756
41	0.01727	0.01658	0.02832	0.04283	0.71123	0.01658	0.02142	0.02142	0.01589	0.02280	0.01313	0.01727	0.01105	0.00622	0.00691	0.00207	0.00829	0.00622	0.00345	0.01105
42	0.02653	0.01955	0.02094	0.01606	0.02164	0.02164	0.01326	0.68796	0.03281	0.04398	0.01675	0.01675	0.01187	0.00838	0.00698	0.00209	0.00768	0.00628	0.00698	0.01187
43	0.01736	0.01499	0.01578	0.01420	0.01815	0.01736	0.01105	0.03708	0.69862	0.02919	0.02840	0.02604	0.02130	0.00947	0.00710	0.00237	0.00552	0.00789	0.00710	0.01105
44	0.01301	0.00650	0.00650	0.00650	0.00813	0.00650	0.00488	0.01626	0.01463	0.02602	0.02276	0.02602	0.01789	0.00813	0.00488	0.00163	0.00325	0.00650	0.79350	0.00650
45	0.00866	0.00705	0.00766	0.00758	0.00970	0.00606	0.00566	0.01079	0.01678	0.02109	0.22822	0.08451	0.52800	0.01695	0.00826	0.00233	0.00349	0.01436	0.00678	0.00606
46	0.01634	0.01856	0.04035	0.05845	0.03695	0.01756	0.65857	0.02217	0.01637	0.02217	0.01405	0.01881	0.01054	0.00593	0.00818	0.00235	0.01166	0.00815	0.00351	0.00934
47	0.01792	0.01456	0.01564	0.01405	0.01799	0.01662	0.01101	0.03609	0.63578	0.06746	0.02866	0.02782	0.02176	0.00978	0.00719	0.00239	0.00558	0.03162	0.00716	0.01092
48	0.00849	0.00614	0.00803	0.00955	0.01008	0.00568	0.00640	0.00974	0.01352	0.01788	0.04050	0.70710	0.08794	0.02160	0.00887	0.00280	0.00402	0.01952	0.00648	0.00568
49	0.02486	0.02765	0.01995	0.01734	0.02115	0.46830	0.01343	0.18166	0.06024	0.02402	0.01304	0.01452	0.01037	0.00798	0.00777	0.00200	0.06685	0.00523	0.00454	0.00910
50	0.01407	0.03557	0.69805	0.02018	0.03039	0.01625	0.04581	0.02211	0.01479	0.02211	0.01257	0.01486	0.00889	0.00661	0.00668	0.00221	0.01036	0.00525	0.00296	0.01029
51	0.01559	0.01219	0.01269	0.01158	0.01461	0.06552	0.00900	0.02376	0.23736	0.09734	0.23445	0.04145	0.13450	0.01238	0.00767	0.00230	0.00521	0.04679	0.00704	0.00857
52	0.00928	0.00681	0.00889	0.01026	0.01132	0.00641	0.00773	0.01118	0.01454	0.01888	0.04276	0.44884	0.14191	0.02047	0.00903	0.00288	0.00468	0.21174	0.00646	0.00593
53	0.02021	0.52612	0.07886	0.01401	0.01968	0.20362	0.01327	0.02274	0.01563	0.01697	0.01017	0.01179	0.00896	0.00632	0.00508	0.00162	0.00895	0.00402	0.00314	0.00883
54	0.01301	0.00650	0.00650	0.00650	0.00813	0.00650	0.00488	0.01626	0.01463	0.02602	0.02276	0.02602	0.01789	0.00813	0.00488	0.00163	0.00325	0.00650	0.79350	0.00650
55	0.00936	0.00708	0.00864	0.00832	0.01013	0.00636	0.00621	0.01215	0.01844	0.02503	0.50310	0.07934	0.24931	0.01549	0.00826	0.00226	0.00339	0.01346	0.00730	0.00636
56	0.00931	0.00754	0.00832	0.00805	0.01025	0.00677	0.00606	0.01260	0.05555	0.02253	0.28407	0.05976	0.45213	0.01606	0.00818	0.00230	0.00356	0.01363	0.00692	0.00642
57	0.01736	0.01499	0.01578	0.01420	0.01815	0.01736	0.01105	0.03708	0.69862	0.02919	0.02840	0.02604	0.02130	0.00947	0.00710	0.00237	0.00552	0.00789	0.00710	0.01105
58	0.80405	0.01350	0.01026	0.00918	0.01350	0.01565	0.00756	0.02051	0.01188	0.03131	0.00972	0.01134	0.00756	0.00648	0.00432	0.00216	0.00540	0.00378	0.00432	0.00756
59	0.02759	0.01443	0.01736	0.01368	0.01887	0.01449	0.01118	0.20561	0.14338	0.41876	0.02487	0.02233	0.01657	0.00872	0.00702	0.00218	0.00632	0.00698	0.00793	0.01173
60	0.01736	0.01499	0.01578	0.01420	0.01815	0.01736	0.01105	0.03708	0.69862	0.02919	0.02840	0.02604	0.02130	0.00947	0.00710	0.00237	0.00552	0.00789	0.00710	0.01105
61	0.01378	0.01301	0.02201	0.63625	0.14511	0.01566	0.01968	0.01835	0.01424	0.01856	0.01251	0.01841	0.00956	0.00687	0.00697	0.00229	0.00915	0.00620	0.00315	0.00824
62	0.00955	0.00718	0.00887	0.00863	0.01047	0.00651	0.00660	0.01242	0.01844	0.02500	0.48595	0.05818	0.23568	0.01556	0.00834	0.00232	0.00360	0.06304	0.00726	0.00639
63	0.03131	0.01188	0.01619	0.01242	0.01781	0.01026	0.01026	0.03401	0.01997	0.71606	0.02753	0.02375	0.01727	0.00864	0.00702	0.00216	0.00594	0.00702	0.00864	0.01188
64	0.02980	0.01430	0.01770	0.01357	0.01902	0.01386	0.01121	0.24087	0.02403	0.50346	0.02412	0.02154	0.01556	0.00855	0.00701	0.00214	0.00649	0.00679	0.00811	0.01187
65	0.01555	0.01736	0.03737	0.02714	0.03344	0.01627	0.60768	0.02090	0.01611	0.02183	0.01692	0.10301	0.01468	0.00772	0.00831	0.00241	0.01088	0.00957	0.00387	0.00898
66	0.02607	0.03326	0.01978	0.01798	0.02157	0.72674	0.01348	0.02787	0.01978	0.01708	0.01079	0.01258	0.00899	0.00719	0.00629	0.00180	0.01258	0.00449	0.00360	0.00809
67	0.00991	0.00737	0.00939	0.00956	0.01134	0.00684	0.00762	0.01286	0.01791	0.02406	0.38517	0.06275	0.19458	0.01639	0.00863	0.00251	0.00422	0.19541	0.00708	0.00639
68	0.01022	0.00765	0.01093	0.01081	0.01177	0.00886	0.00812	0.01219	0.01099	0.01571	0.01894	0.03042	0.01863	0.18533	0.56625	0.01003	0.04550	0.00793	0.00380	0.00590
69	0.05325	0.01331	0.04332	0.01306	0.01641	0.05380	0.03147	0.03965	0.09289	0.17176	0.10284	0.07306	0.02564	0.01132	0.00846	0.00236	0.06236	0.08987	0.08648	0.00871
70	0.01727	0.01658	0.02832	0.04283	0.71123	0.01658	0.02142	0.02142	0.01589	0.02280	0.01313	0.01727	0.01105	0.00622	0.00691	0.00207	0.00829	0.00622	0.00345	0.01105
71	0.00850	0.00607	0.00810	0.00972	0.01012	0.00567	0.00648	0.00972	0.01336	0.01781	0.03846	0.75020	0.04615	0.02186	0.00891	0.00283	0.00405	0.01984	0.00648	0.00567
72	0.02691	0.01992	0.02044	0.01588	0.02130	0.07459	0.01302	0.57996	0.03068	0.10101	0.01724	0.01705	0.01212	0.00831	0.00693	0.00208	0.00790	0.00621	0.00687	0.01158
73	0.21963	0.01792	0.01811	0.01469	0.01956	0.12023	0.06248	0.16796	0.09608	0.17061	0.01742	0.01741	0.01243	0.00771	0.00633	0.00213	0.00754	0.00587	0.00591	0.00996
74	0.03033	0.01345	0.01717	0.01316	0.01860	0.01260	0.01087	0.16842	0.02261	0.57792	0.02532	0.02231	0.01616	0.00858	0.00701	0.00215	0.00630	0.00687	0.00830	0.01187
75	0.01003	0.00722	0.00992	0.00992	0.01072	0.00802	0.00710	0.01163	0.01083	0.01524	0.01988	0.03398	0.02030	0.30519	0.47815	0.00961	0.01440	0.00844	0.00391	0.00551
76	0.01650	0.01181	0.01475	0.01323	0.01614	0.01264	0.03483	0.08583	0.21557	0.11136	0.08071	0.23079	0.02996	0.01352	0.00871	0.00251	0.04730	0.03814	0.00676	0.00894
77	0.02499	0.01830	0.01955	0.01522	0.02041	0.02025	0.01250	0.60077	0.06803	0.04179	0.01785	0.01797	0.01285	0.00842	0.00683	0.00207	0.00722	0.00639	0.06717	0.01141
78	0.01451	0.01308	0.02087	0.46946	0.11563	0.01469	0.04128	0.04815	0.01521	0.02080	0.01335	0.01831	0.01029	0.00676	0.00667	0.00209	0.00834	0.00605	0.05005	0.10439
79	0.01561	0.01344	0.01741	0.01389	0.01724	0.01450	0.01139	0.01800	0.01306	0.05892	0.01207	0.01575	0.01045	0.00990	0.03627	0.00229	0.32063	0.00525	0.00391	0.39002
80	0.00839	0.00707	0.00727	0.00722	0.00951	0.00595	0.00542	0.01029	0.01625	0.01966	0.12718	0.06582	0.65140	0.01737	0.00825	0.00234	0.00351	0.01454	0.00659	0.00595
81	0.02489	0.03139	0.02107	0.01864	0.02222	0.64534	0.05135	0.02690	0.01905	0.01736	0.01088	0.01309	0.00909	0.00741	0.00738	0.00190	0.05554	0.00480	0.00356	0.00814
82	0.01736	0.01499	0.01578	0.01420	0.01815	0.01736	0.01105	0.03708	0.69862	0.02919	0.02840	0.02604	0.02130	0.00947	0.00710	0.00237	0.00552	0.00789	0.00710	0.01105
83	0.00827	0.00699	0.00715	0.00727	0.00948	0.00587	0.00539	0.00999	0.01571	0.01877	0.06823	0.11942	0.65772	0.01799	0.00830	0.00239	0.00357	0.01512	0.00648	0.00587
84	0.01013	0.00682	0.00789	0.00789	0.00798	0.00692	0.00457	0.01032	0.01023	0.01373	0.02174	0.04427	0.02476	0.70101	0.08844	0.00711	0.00768	0.00994	0.00419	0.00438
85	0.01508	0.01584	0.02930	0.02256	0.02608	0.01781	0.33186	0.01881	0.01350	0.01934	0.01287	0.01868	0.01102	0.01494	0.11634	0.00389	0.29313	0.00731	0.00338	0.00828
86	0.01533	0.13183	0.58691	0.01872	0.02806	0.05961	0.02322	0.02228	0.01496	0.02105	0.01205	0.01414	0.00886	0.00658	0.00632	0.00209	0.01007	0.00493	0.00299	0.01000
87	0.01015	0.00677	0.00761	0.00761	0.00761	0.00677	0.00423	0.01015	0.01015	0.01353	0.02199	0.04567	0.02537	0.75476	0.03552	0.00677	0.00677	0.01015	0.00423	0.00423
88	0.80405	0.01350	0.01026	0.00918	0.01350	0.01565	0.00756	0.02051	0.01188	0.03131	0.00972	0.01134	0.00756	0.00648	0.00432	0.00216	0.00540	0.00378	0.00432	0.00756
89	0.01015	0.00677	0.00761	0.00761	0.00761	0.00677	0.00423	0.01015	0.01015	0.01353	0.02199	0.04567	0.02537	0.75476	0.03552	0.00677	0.00677	0.01015	0.00423	0.00423
90	0.01453	0.01378	0.02337	0.50894	0.26657	0.01586	0.02005	0.01901	0.01459	0.01947	0.01264	0.01817	0.00988	0.00673	0.00695	0.00224	0.00897	0.00621	0.00322	0.00884
91	0.76016	0.01340	0.01059	0.00936	0.01374	0.01535	0.00771	0.02128	0.01234	0.07020	0.01073	0.01204	0.00811	0.00660	0.00447	0.00216	0.00543	0.00396	0.00456	0.00780
92	0.02561	0.03169	0.01991	0.01788	0.02143	0.65570	0.01355	0.06444	0.02010	0.01858	0.01105	0.01294	0.00916	0.00748	0.00707	0.00187	0.04483	0.00467	0.00376	0.00828
93	0.01590	0.01633	0.02128	0.01830	0.01851	0.06296	0.01516	0.01745	0.01122	0.01681	0.00926	0.01511	0.00915	0.01192	0.02192	0.00298	0.69898	0.00601	0.00309	0.00766
94	0.00951	0.00712	0.00882	0.00839	0.01020	0.00643	0.00629	0.01245	0.01888	0.02591	0.56312	0.05553	0.21156	0.01504	0.00823	0.00223	0.00335	0.01310	0.00741	0.00643
95	0.01647	0.01882	0.04118	0.02941	0.03647	0.01765	0.68588	0.02235	0.01647	0.02235	0.01412	0.01882	0.01059	0.00588	0.00824	0.00235	0.01176	0.00824	0.00353	0.00941
96	0.02977	0.01158	0.01582	0.01245	0.01756	0.01009	0.01033	0.03251	0.01967	0.66287	0.02825	0.02796	0.01903	0.00945	0.00722	0.00224	0.00598	0.05731	0.00847	0.01146
97	0.01710	0.01805	0.03292	0.02430	0.03018	0.06652	0.47462	0.03978	0.06906	0.04178	0.09520	0.02284	0.01785	0.00735	0.00795	0.00228	0.01012	0.00837	0.00450	0.00924
98	0.00921	0.00678	0.00872	0.01004	0.01074	0.00658	0.00683	0.01190	0.06595	0.01893	0.05417	0.67760	0.04474	0.02073	0.00875	0.00278	0.00414	0.01875	0.00656	0.00610
99	0.80405	0.01350	0.01026	0.00918	0.01350	0.01565	0.00756	0.02051	0.01188	0.03131	0.00972	0.01134	0.00756	0.00648	0.00432	0.00216	0.00540	0.00378	0.00432	0.00756
100	0.01628	0.01642	0.03053	0.17006	0.39746	0.01668	0.20697	0.02100	0.01569	0.02174	0.01327	0.01796	0.01059	0.00627	0.00729	0.00220	0.00945	0.00678	0.00341	0.00997
101	0.01146	0.00906	0.01294	0.01222	0.01290	0.01116	0.00944	0.01283	0.01074	0.01558	0.01612	0.02600	0.01584	0.12074	0.40613	0.09532	0.18469	0.00731	0.00356	0.00598
102	0.01719	0.01504	0.02550	0.02128	0.10313	0.01413	0.24409	0.04259	0.01611	0.07944	0.01501	0.01806	0.01161	0.00664	0.00785	0.00192	0.05933	0.00641	0.06463	0.23004
103	0.00998	0.00743	0.01100	0.01100	0.01218	0.00861	0.00846	0.01232	0.01115	0.01604	0.01889	0.02849	0.01791	0.09375	0.68633	0.01095	0.01799	0.00763	0.00377	0.00611
104	0.01958	0.01444	0.05647	0.01300	0.01717	0.04133	0.01097	0.11354	0.12076	0.18820	0.20091	0.03054	0.02905	0.01030	0.00786	0.00218	0.03324	0.02967	0.00687	0.05390
105	0.01227	0.00829	0.01087	0.01256	0.09070	0.00817	0.00795	0.01436	0.01367	0.02122	0.02386	0.22663	0.02389	0.03749	0.00975	0.06678	0.03197	0.01009	0.30249	0.06700

[dist]
# distance from previous block
# <min> <max>
0	2

[block]
# block no. 2 follows, 30 sequences, length 30
# corresponding to MSA columns:
# 203-232
name=unknown_C
#
# <colnr> <probs for GDERKNQSTAVLIFYWHMCP>
#	G	D	E	R	K	N	Q	S	T	A	V	L	I	F	Y	W	H	M	C	P
0	0.02222	0.08690	0.14221	0.01663	0.02228	0.21376	0.01506	0.23976	0.12316	0.02833	0.01552	0.01617	0.01171	0.00771	0.00654	0.00202	0.00914	0.00562	0.00504	0.01020
1	0.01405	0.01242	0.01592	0.01156	0.01747	0.00965	0.06222	0.01725	0.01476	0.02234	0.01799	0.01974	0.07562	0.00639	0.00570	0.00126	0.00554	0.00545	0.00431	0.66035
2	0.01876	0.01465	0.08228	0.07280	0.07827	0.01124	0.01252	0.02244	0.01605	0.20079	0.01738	0.02009	0.01318	0.00701	0.00625	0.00171	0.00649	0.03241	0.00514	0.36053
3	0.04571	0.01622	0.01735	0.01415	0.01899	0.01762	0.01134	0.30684	0.28061	0.03423	0.02103	0.04344	0.01619	0.00872	0.00675	0.00208	0.00633	0.00695	0.00653	0.11890
4	0.00873	0.00670	0.00804	0.00883	0.01019	0.00601	0.00637	0.01050	0.01515	0.01941	0.11538	0.37279	0.30244	0.01934	0.00864	0.00262	0.00394	0.06245	0.00659	0.00590
5	0.01570	0.02465	0.36060	0.04310	0.09401	0.01449	0.10672	0.02172	0.01586	0.07816	0.07169	0.01944	0.01485	0.00716	0.00690	0.00210	0.00886	0.00637	0.00404	0.08359
6	0.01685	0.36813	0.37554	0.01592	0.02403	0.02122	0.01877	0.02203	0.01469	0.04797	0.01184	0.01347	0.00924	0.00641	0.00565	0.00188	0.00882	0.00458	0.00320	0.00975
7	0.01102	0.00736	0.00991	0.01057	0.01144	0.00736	0.00750	0.01251	0.01409	0.07635	0.07682	0.58765	0.04202	0.01952	0.00983	0.00276	0.06322	0.01723	0.00646	0.00640
8	0.01647	0.01882	0.04118	0.02941	0.03647	0.01765	0.68588	0.02235	0.01647	0.02235	0.01412	0.01882	0.01059	0.00588	0.00824	0.00235	0.01176	0.00824	0.00353	0.00941
9	0.01479	0.01350	0.02235	0.21480	0.38304	0.01430	0.01816	0.01866	0.01506	0.02063	0.01738	0.02940	0.01624	0.05509	0.00915	0.00262	0.00815	0.11377	0.00390	0.00902
10	0.01603	0.01325	0.02107	0.57112	0.09004	0.01567	0.01828	0.07502	0.01614	0.07623	0.01403	0.01877	0.01028	0.00717	0.00698	0.00228	0.00883	0.00627	0.00389	0.00866
11	0.01866	0.75896	0.03657	0.01194	0.01791	0.02761	0.01194	0.02090	0.01418	0.01642	0.00970	0.01119	0.00896	0.00597	0.00448	0.00149	0.00746	0.00373	0.00299	0.00896
12	0.00840	0.00646	0.00769	0.00867	0.00985	0.00576	0.00602	0.00983	0.01436	0.01822	0.05114	0.48146	0.30672	0.02021	0.00865	0.00265	0.00385	0.01783	0.00648	0.00576
13	0.01177	0.00921	0.01123	0.01052	0.01271	0.00969	0.00804	0.01911	0.19309	0.02608	0.39993	0.04186	0.06701	0.01935	0.12517	0.00372	0.00639	0.01063	0.00685	0.00765
14	0.01046	0.00820	0.01216	0.01188	0.01301	0.00991	0.00933	0.01287	0.01117	0.01625	0.01780	0.02628	0.01667	0.04859	0.66127	0.01045	0.08631	0.00735	0.00367	0.00636
15	0.00997	0.00748	0.01121	0.01121	0.01246	0.00872	0.00872	0.01246	0.01121	0.01620	0.01869	0.02741	0.01745	0.05234	0.72710	0.01121	0.01869	0.00748	0.00374	0.00623
16	0.01212	0.00606	0.00909	0.00909	0.00909	0.00606	0.00606	0.00909	0.00909	0.01212	0.01212	0.02121	0.01212	0.02424	0.02727	0.79697	0.00606	0.00606	0.00303	0.00303
17	0.01552	0.27312	0.49496	0.01728	0.02617	0.01995	0.02124	0.02170	0.01455	0.02024	0.01160	0.01357	0.00888	0.00641	0.00592	0.00197	0.00938	0.00469	0.00296	0.00987
18	0.00972	0.00713	0.00912	0.00862	0.01033	0.00652	0.00646	0.01287	0.01939	0.02713	0.64801	0.05353	0.12591	0.01458	0.00823	0.00221	0.00331	0.01282	0.00757	0.00652
19	0.00839	0.00652	0.00764	0.00854	0.00981	0.00577	0.00596	0.00985	0.01449	0.01827	0.05279	0.44659	0.34052	0.02000	0.00861	0.00262	0.00382	0.01757	0.00648	0.00577
20	0.06539	0.01248	0.01683	0.08476	0.13169	0.01301	0.03264	0.14368	0.01868	0.07021	0.08716	0.08409	0.08724	0.04248	0.03055	0.00271	0.00685	0.02988	0.03101	0.00865
21	0.01866	0.75896	0.03657	0.01194	0.01791	0.02761	0.01194	0.02090	0.01418	0.01642	0.00970	0.01119	0.00896	0.00597	0.00448	0.00149	0.00746	0.00373	0.00299	0.00896
22	0.00826	0.00703	0.00711	0.00716	0.00945	0.00588	0.00534	0.01000	0.01581	0.01881	0.06954	0.09163	0.68467	0.01782	0.00827	0.00237	0.00355	0.01491	0.00648	0.00588
23	0.01937	0.01516	0.01629	0.01423	0.01844	0.01717	0.01119	0.09738	0.58032	0.08760	0.02725	0.02498	0.02009	0.00930	0.00708	0.00232	0.00576	0.00767	0.00722	0.01119
24	0.01833	0.01752	0.02284	0.30115	0.26284	0.14115	0.01819	0.02207	0.01603	0.07522	0.01349	0.01742	0.01047	0.00703	0.00724	0.00215	0.02790	0.00597	0.00375	0.00925
25	0.01609	0.01560	0.02051	0.49291	0.09545	0.10855	0.01748	0.06429	0.01618	0.02040	0.01318	0.01803	0.01010	0.00711	0.00675	0.00218	0.00917	0.00600	0.05175	0.00827
26	0.09206	0.00988	0.01209	0.01074	0.01391	0.00948	0.00836	0.02240	0.07229	0.26871	0.16517	0.15430	0.05815	0.03641	0.00838	0.00249	0.00496	0.03431	0.00726	0.00864
27	0.00983	0.00672	0.00854	0.00921	0.01023	0.00621	0.00639	0.01145	0.01475	0.04546	0.15858	0.42582	0.12047	0.10064	0.01161	0.00309	0.00429	0.03424	0.00652	0.00595
28	0.15353	0.13642	0.14732	0.01796	0.10290	0.01712	0.05347	0.08583	0.01725	0.15834	0.03641	0.01721	0.01266	0.00719	0.00618	0.00206	0.00757	0.00569	0.00489	0.01000
29	0.14022	0.01434	0.03394	0.01238	0.01672	0.05191	0.01020	0.11628	0.09497	0.22303	0.11199	0.04634	0.04447	0.00981	0.00684	0.00219	0.00606	0.02463	0.00675	0.02694

[dist]
# distance from previous block
# <min> <max>
0	9

[block]
# block no. 3 follows, 30 sequences, length 14
# corresponding to MSA columns:
# 242-255
name=unknown_D
#
# <colnr> <probs for GDERKNQSTAVLIFYWHMCP>
#	G	D	E	R	K	N	Q	S	T	A	V	L	I	F	Y	W	H	M	C	P
0	0.20707	0.01696	0.09407	0.01349	0.01862	0.01582	0.01201	0.22895	0.06716	0.14267	0.01872	0.06738	0.01461	0.01076	0.03913	0.00262	0.00726	0.00677	0.00599	0.00994
1	0.13025	0.01334	0.01861	0.27351	0.02886	0.01451	0.06462	0.04911	0.03767	0.02256	0.01319	0.01800	0.01073	0.04586	0.00870	0.00227	0.05070	0.00579	0.00392	0.18781
2	0.13374	0.03866	0.10845	0.05600	0.09913	0.12448	0.05406	0.08961	0.05346	0.04133	0.09570	0.01996	0.01698	0.00783	0.00654	0.00208	0.00808	0.00632	0.00470	0.03291
3	0.01732	0.02268	0.27336	0.03833	0.10742	0.01578	0.08336	0.09825	0.09968	0.07954	0.04712	0.02183	0.04754	0.00804	0.00710	0.00222	0.00837	0.00697	0.00482	0.01027
4	0.01244	0.00735	0.00880	0.00858	0.00930	0.00714	0.00544	0.01301	0.01180	0.09288	0.02466	0.09979	0.02684	0.57635	0.02892	0.00576	0.00644	0.04417	0.00501	0.00531
5	0.01758	0.13050	0.15720	0.16387	0.08646	0.05227	0.01698	0.09474	0.09346	0.04446	0.03462	0.01796	0.01278	0.00762	0.00724	0.00213	0.04026	0.00596	0.00427	0.00962
6	0.01882	0.01205	0.01409	0.03474	0.01693	0.05023	0.01050	0.04475	0.14792	0.21021	0.13141	0.06579	0.03102	0.01252	0.00787	0.00246	0.00603	0.16648	0.00710	0.00906
7	0.00869	0.00654	0.00806	0.00883	0.00999	0.00590	0.00618	0.01045	0.01525	0.02002	0.17374	0.43595	0.22641	0.01931	0.00860	0.00259	0.00377	0.01711	0.00671	0.00590
8	0.01624	0.01677	0.09998	0.28132	0.03061	0.09307	0.06764	0.02056	0.03031	0.08460	0.03128	0.05741	0.01440	0.01102	0.04527	0.02967	0.00925	0.00708	0.04530	0.00824
9	0.02294	0.05245	0.01907	0.01686	0.09579	0.01428	0.03251	0.11187	0.13389	0.29187	0.04346	0.06014	0.01987	0.00960	0.00718	0.00224	0.00647	0.04193	0.00689	0.01069
10	0.00959	0.00662	0.00834	0.00922	0.01035	0.00599	0.00641	0.01114	0.01468	0.05050	0.09546	0.52217	0.18407	0.01981	0.00863	0.00266	0.00397	0.01765	0.00667	0.00607
11	0.01357	0.03139	0.58630	0.01949	0.02844	0.01514	0.07504	0.02073	0.01471	0.02164	0.01555	0.09737	0.01315	0.00828	0.00701	0.00229	0.00972	0.00704	0.00339	0.00972
12	0.01536	0.07717	0.09311	0.21310	0.10762	0.05003	0.14777	0.04276	0.03481	0.02076	0.01671	0.11771	0.01514	0.00873	0.00722	0.00226	0.00890	0.00814	0.00393	0.00876
13	0.01876	0.03294	0.01716	0.01657	0.10608	0.01196	0.04592	0.07336	0.08344	0.21021	0.06377	0.21130	0.05368	0.01221	0.00760	0.00234	0.00596	0.01080	0.00658	0.00937

[dist]
# distance from previous block
# <min> <max>
6	9

[block]
# block no. 4 follows, 30 sequences, length 188
# corresponding to MSA columns:
# 265-452
name=unknown_E
#
# <colnr> <probs for GDERKNQSTAVLIFYWHMCP>
#	G	D	E	R	K	N	Q	S	T	A	V	L	I	F	Y	W	H	M	C	P
0	0.09531	0.10637	0.06483	0.21728	0.04785	0.11760	0.03637	0.07545	0.03436	0.02134	0.01234	0.01607	0.00991	0.00876	0.00879	0.07856	0.03142	0.00546	0.00371	0.00821
1	0.01347	0.00907	0.01061	0.01087	0.01266	0.03568	0.00798	0.01691	0.08262	0.11455	0.03638	0.41674	0.08274	0.04483	0.00937	0.00280	0.00506	0.07382	0.00664	0.00717
2	0.02713	0.01142	0.01489	0.01179	0.01666	0.01013	0.00962	0.03086	0.06595	0.57140	0.03363	0.02998	0.11425	0.00996	0.00720	0.00220	0.00557	0.00816	0.00823	0.01098
3	0.01427	0.00945	0.01120	0.00961	0.01206	0.00887	0.00691	0.04641	0.01369	0.08392	0.02006	0.03310	0.01966	0.35128	0.04713	0.00436	0.02651	0.02895	0.05929	0.19328
4	0.09102	0.00898	0.01028	0.05895	0.01335	0.00915	0.00715	0.04195	0.01483	0.12295	0.05577	0.03266	0.06278	0.21753	0.01428	0.00333	0.00543	0.00810	0.21449	0.00700
5	0.01286	0.00939	0.01088	0.01029	0.01272	0.00952	0.00776	0.02008	0.20510	0.06704	0.25256	0.15227	0.14930	0.01413	0.00785	0.00235	0.00422	0.01224	0.03154	0.00788
6	0.01671	0.01615	0.01780	0.01541	0.01711	0.12703	0.03059	0.07249	0.01504	0.02063	0.01720	0.02117	0.06186	0.01346	0.06230	0.00306	0.34140	0.00670	0.11618	0.00772
7	0.65977	0.01375	0.01171	0.01004	0.01458	0.01547	0.00828	0.07041	0.01431	0.11016	0.01225	0.01314	0.00898	0.00686	0.00482	0.00215	0.00562	0.00433	0.00500	0.00836
8	0.04881	0.01750	0.01949	0.01498	0.02048	0.01869	0.01237	0.50957	0.02910	0.20835	0.01920	0.01832	0.01308	0.00839	0.00692	0.00211	0.00719	0.00639	0.00731	0.01175
9	0.00948	0.00711	0.00894	0.01012	0.01115	0.00689	0.00722	0.01247	0.06974	0.01917	0.04096	0.54735	0.11493	0.02013	0.00877	0.00278	0.00436	0.08568	0.00652	0.00621
10	0.01447	0.01240	0.01447	0.01034	0.01654	0.00930	0.00827	0.01757	0.01447	0.02274	0.01240	0.01447	0.01034	0.00517	0.00517	0.00103	0.00517	0.00413	0.00413	0.79742
11	0.02843	0.01547	0.01761	0.01364	0.01902	0.06277	0.01115	0.21006	0.02305	0.43495	0.02235	0.02041	0.01473	0.00822	0.00682	0.00204	0.00681	0.00643	0.00751	0.06853
12	0.01001	0.00671	0.00765	0.00778	0.00782	0.00668	0.00441	0.01011	0.01041	0.01388	0.02333	0.10306	0.02706	0.69505	0.03335	0.00645	0.00654	0.01094	0.00441	0.00435
13	0.01803	0.01265	0.01408	0.01240	0.01621	0.01353	0.00971	0.03070	0.42090	0.15483	0.08382	0.03369	0.12722	0.01090	0.00734	0.00231	0.00514	0.00910	0.00733	0.01010
14	0.03945	0.01314	0.02183	0.59694	0.15901	0.01569	0.01934	0.01852	0.01421	0.01911	0.01244	0.01814	0.00954	0.00683	0.00688	0.00228	0.00901	0.00613	0.00320	0.00830
15	0.02544	0.01901	0.02033	0.01584	0.02123	0.02113	0.01300	0.61083	0.11171	0.04223	0.01813	0.01785	0.01299	0.00851	0.00699	0.00213	0.00742	0.00647	0.00699	0.01177
16	0.02607	0.03326	0.01978	0.01798	0.02157	0.72674	0.01348	0.02787	0.01978	0.01708	0.01079	0.01258	0.00899	0.00719	0.00629	0.00180	0.01258	0.00449	0.00360	0.00809
17	0.00923	0.00711	0.00843	0.00810	0.01003	0.00631	0.00608	0.01192	0.01823	0.02436	0.45508	0.05808	0.32056	0.01562	0.00824	0.00226	0.00339	0.01346	0.00721	0.00631
18	0.00858	0.00706	0.00755	0.00748	0.00965	0.00603	0.00559	0.01065	0.01662	0.02067	0.19869	0.08159	0.56148	0.01709	0.00826	0.00234	0.00350	0.01443	0.00672	0.00603
19	0.00931	0.00696	0.00864	0.00855	0.01016	0.00629	0.00629	0.01195	0.01793	0.02442	0.46532	0.16286	0.20329	0.01618	0.00834	0.00233	0.00346	0.01419	0.00723	0.00629
20	0.00848	0.00708	0.00739	0.00731	0.00957	0.00599	0.00548	0.01046	0.01645	0.02014	0.16083	0.06503	0.61745	0.01719	0.00825	0.00233	0.00350	0.01443	0.00665	0.00599
21	0.01866	0.75896	0.03657	0.01194	0.01791	0.02761	0.01194	0.02090	0.01418	0.01642	0.00970	0.01119	0.00896	0.00597	0.00448	0.00149	0.00746	0.00373	0.00299	0.00896
22	0.01400	0.03610	0.71860	0.01989	0.03020	0.01621	0.02578	0.02210	0.01473	0.02210	0.01252	0.01473	0.00884	0.00663	0.00663	0.00221	0.01031	0.00516	0.00295	0.01031
23	0.03069	0.01174	0.01599	0.01231	0.01760	0.01015	0.01015	0.03340	0.01997	0.69608	0.04728	0.02458	0.01868	0.00880	0.00705	0.00216	0.00586	0.00718	0.00861	0.01172
24	0.80405	0.01350	0.01026	0.00918	0.01350	0.01565	0.00756	0.02051	0.01188	0.03131	0.00972	0.01134	0.00756	0.00648	0.00432	0.00216	0.00540	0.00378	0.00432	0.00756
25	0.00871	0.00624	0.00829	0.00957	0.01017	0.00581	0.00649	0.01025	0.01434	0.01938	0.14145	0.64275	0.04918	0.02069	0.00880	0.00274	0.00393	0.01873	0.00666	0.00581
26	0.00849	0.00611	0.00806	0.00963	0.01010	0.00568	0.00644	0.00973	0.01344	0.01785	0.03951	0.72800	0.06768	0.02173	0.00889	0.00282	0.00403	0.01967	0.00648	0.00568
27	0.75034	0.01391	0.01099	0.00965	0.01406	0.01607	0.00795	0.06662	0.01332	0.03218	0.01020	0.01171	0.00786	0.00661	0.00450	0.00215	0.00556	0.00395	0.00450	0.00786
28	0.01420	0.01345	0.02278	0.56412	0.21392	0.01577	0.01989	0.01873	0.01444	0.01907	0.01258	0.01827	0.00974	0.00679	0.00696	0.00226	0.00905	0.00621	0.00319	0.00858
29	0.01493	0.01477	0.02073	0.01787	0.01795	0.02057	0.01485	0.01652	0.01072	0.01676	0.00977	0.01604	0.00969	0.01477	0.06774	0.00357	0.69593	0.00619	0.00310	0.00754
30	0.00852	0.00646	0.00789	0.00899	0.01006	0.00583	0.00628	0.00999	0.01427	0.01826	0.04866	0.50816	0.25653	0.02043	0.00872	0.00270	0.00397	0.04204	0.00648	0.00577
31	0.00850	0.00607	0.00810	0.00972	0.01012	0.00567	0.00648	0.00972	0.01336	0.01781	0.03846	0.75020	0.04615	0.02186	0.00891	0.00283	0.00405	0.01984	0.00648	0.00567
32	0.01736	0.01499	0.01578	0.01420	0.01815	0.01736	0.01105	0.03708	0.69862	0.02919	0.02840	0.02604	0.02130	0.00947	0.00710	0.00237	0.00552	0.00789	0.00710	0.01105
33	0.02677	0.01126	0.01499	0.01191	0.01657	0.01007	0.00968	0.03064	0.06230	0.55551	0.14388	0.02875	0.02583	0.00965	0.00723	0.00218	0.00546	0.00803	0.00838	0.01092
34	0.01007	0.00766	0.00932	0.00881	0.01076	0.00719	0.00664	0.01419	0.06588	0.02625	0.53400	0.05331	0.19054	0.01461	0.00816	0.00224	0.00349	0.01271	0.00740	0.00675
35	0.00982	0.00713	0.00924	0.00871	0.01039	0.00656	0.00654	0.01305	0.01961	0.02764	0.68354	0.05269	0.09006	0.01439	0.00823	0.00220	0.00330	0.01270	0.00764	0.00656
36	0.00998	0.00742	0.01092	0.01092	0.01207	0.00856	0.00836	0.01227	0.01113	0.01598	0.01896	0.02890	0.01809	0.10956	0.67076	0.01085	0.01772	0.00769	0.00378	0.00607
37	0.01646	0.00983	0.01019	0.00894	0.01158	0.01036	0.00702	0.18759	0.01927	0.03060	0.02123	0.02365	0.01635	0.00819	0.00541	0.00175	0.00438	0.00645	0.59288	0.00787
38	0.01212	0.00606	0.00909	0.00909	0.00909	0.00606	0.00606	0.00909	0.00909	0.01212	0.01212	0.02121	0.01212	0.02424	0.02727	0.79697	0.00606	0.00606	0.00303	0.00303
39	0.01212	0.00606	0.00909	0.00909	0.00909	0.00606	0.00606	0.00909	0.00909	0.01212	0.01212	0.02121	0.01212	0.02424	0.02727	0.79697	0.00606	0.00606	0.00303	0.00303
40	0.00960	0.00685	0.00935	0.01097	0.01185	0.00661	0.00838	0.01161	0.01444	0.01904	0.03786	0.48244	0.04376	0.02083	0.00920	0.00299	0.00500	0.27681	0.00646	0.00597
41	0.01135	0.00962	0.01086	0.01046	0.01273	0.01008	0.00811	0.01756	0.17944	0.02179	0.08969	0.11454	0.33844	0.01554	0.00932	0.00251	0.06441	0.05978	0.00642	0.00733
42	0.02607	0.03326	0.01978	0.01798	0.02157	0.72674	0.01348	0.02787	0.01978	0.01708	0.01079	0.01258	0.00899	0.00719	0.00629	0.00180	0.01258	0.00449	0.00360	0.00809
43	0.03131	0.01188	0.01619	0.01242	0.01781	0.01026	0.01026	0.03401	0.01997	0.71606	0.02753	0.02375	0.01727	0.00864	0.00702	0.00216	0.00594	0.00702	0.00864	0.01188
44	0.01413	0.00873	0.01103	0.02861	0.01352	0.00840	0.00808	0.04236	0.06553	0.14098	0.14721	0.30868	0.11881	0.01600	0.00817	0.00250	0.00465	0.03798	0.00702	0.00760
45	0.01061	0.00772	0.01148	0.01130	0.01229	0.00905	0.00870	0.01220	0.01086	0.01561	0.01712	0.02575	0.01614	0.04566	0.57812	0.13168	0.05913	0.00718	0.00359	0.00582
46	0.04735	0.08529	0.02609	0.17484	0.13758	0.14904	0.11987	0.02115	0.01513	0.01939	0.01161	0.01583	0.00960	0.00748	0.00933	0.00223	0.13030	0.00588	0.00334	0.00867
47	0.01951	0.01606	0.01699	0.01464	0.01897	0.01836	0.01157	0.18965	0.54255	0.03266	0.02567	0.02386	0.01909	0.00921	0.00707	0.00230	0.00603	0.00751	0.00707	0.01124
48	0.01599	0.01301	0.01639	0.07089	0.02020	0.01110	0.03517	0.04031	0.06187	0.06404	0.01457	0.01637	0.01146	0.00593	0.00573	0.00138	0.00590	0.00495	0.00458	0.58019
49	0.01540	0.01675	0.03358	0.08370	0.03287	0.03684	0.49397	0.02048	0.01587	0.02115	0.01664	0.04721	0.01420	0.01071	0.05786	0.00302	0.01143	0.05582	0.00382	0.00868
50	0.00997	0.00748	0.01121	0.01121	0.01246	0.00872	0.00872	0.01246	0.01121	0.01620	0.01869	0.02741	0.01745	0.05234	0.72710	0.01121	0.01869	0.00748	0.00374	0.00623
51	0.02129	0.01279	0.03966	0.05774	0.04278	0.01147	0.10641	0.02560	0.05702	0.33240	0.02927	0.07066	0.09119	0.01016	0.00745	0.00229	0.00671	0.03341	0.03190	0.00980
52	0.05675	0.16386	0.16621	0.08145	0.04595	0.06691	0.03542	0.02423	0.01624	0.20056	0.01739	0.04096	0.01349	0.00799	0.00645	0.00209	0.00811	0.03147	0.00483	0.00964
