[name]
unknown

[dist]
# distance from previous block
# <min> <max>
0	194

[block]
# block no. 0 follows, 29 sequences, length 27
# corresponding to MSA columns:
# 198-224
name=unknown_A
#
# <colnr> <probs for GDERKNQSTAVLIFYWHMCP>
#	G	D	E	R	K	N	Q	S	T	A	V	L	I	F	Y	W	H	M	C	P
0	0.03533	0.07722	0.07651	0.01729	0.08089	0.01508	0.06584	0.13995	0.03784	0.07303	0.08242	0.06606	0.02135	0.00967	0.00714	0.00214	0.00711	0.06504	0.00551	0.11457
1	0.08378	0.05912	0.15035	0.04242	0.10993	0.07076	0.03016	0.08489	0.06267	0.08578	0.01537	0.01722	0.01170	0.00908	0.03537	0.00242	0.02519	0.00573	0.00460	0.09346
2	0.01597	0.12834	0.13678	0.01391	0.01974	0.01510	0.04681	0.10168	0.03838	0.02623	0.17246	0.02405	0.02369	0.00837	0.00659	0.00184	0.00674	0.00693	0.00509	0.20129
3	0.05839	0.06292	0.27136	0.01529	0.02177	0.01581	0.01600	0.10649	0.10519	0.06377	0.01683	0.01857	0.01270	0.01098	0.04780	0.04339	0.00847	0.00591	0.04486	0.05349
4	0.00883	0.00710	0.00787	0.00795	0.00994	0.00614	0.00586	0.01091	0.01680	0.02122	0.21132	0.14988	0.47563	0.01778	0.00850	0.00243	0.00362	0.01519	0.00689	0.00614
5	0.01651	0.01532	0.02364	0.28730	0.16671	0.01755	0.07389	0.06932	0.14504	0.02356	0.01608	0.01975	0.01246	0.00793	0.00868	0.00238	0.07309	0.00683	0.00432	0.00964
6	0.01304	0.00799	0.00997	0.00912	0.01155	0.00709	0.00696	0.01581	0.01891	0.13326	0.40393	0.07802	0.22732	0.01486	0.00823	0.00230	0.00388	0.01282	0.00762	0.00735
7	0.00888	0.00635	0.00844	0.00978	0.01037	0.00592	0.00663	0.01042	0.01457	0.01968	0.13484	0.64524	0.05000	0.02119	0.00899	0.00280	0.00402	0.01918	0.00679	0.00592
8	0.01023	0.00742	0.01036	0.01036	0.01126	0.00831	0.00755	0.01202	0.01112	0.01573	0.02006	0.03344	0.02017	0.25780	0.52039	0.01011	0.01550	0.00843	0.00396	0.00576
9	0.07009	0.01296	0.01652	0.01280	0.01813	0.01201	0.01055	0.11159	0.02153	0.56763	0.05249	0.02386	0.01841	0.00889	0.00706	0.00220	0.00614	0.00713	0.00834	0.01168
10	0.01646	0.01330	0.01458	0.01313	0.01666	0.01487	0.01018	0.03202	0.51006	0.05511	0.18613	0.03270	0.03220	0.01077	0.00751	0.00237	0.00512	0.00915	0.00744	0.01024
11	0.08777	0.57178	0.08299	0.01529	0.07924	0.02526	0.01366	0.02142	0.01445	0.01909	0.01042	0.01224	0.00919	0.00621	0.00493	0.00169	0.00771	0.00414	0.00321	0.00930
12	0.69858	0.01458	0.01190	0.01029	0.01486	0.01678	0.00848	0.10766	0.01492	0.03365	0.01086	0.01229	0.00829	0.00686	0.00476	0.00219	0.00581	0.00419	0.00476	0.00829
13	0.01275	0.00680	0.00745	0.00745	0.00904	0.00702	0.00564	0.01594	0.01435	0.02486	0.02253	0.02679	0.01818	0.01589	0.12566	0.00331	0.00597	0.00680	0.65700	0.00659
14	0.01838	0.00979	0.01269	0.01065	0.01414	0.00880	0.00838	0.02238	0.05446	0.26305	0.37990	0.03878	0.04325	0.01159	0.00766	0.00214	0.00456	0.00997	0.00785	0.07159
15	0.00945	0.00986	0.07045	0.00891	0.01181	0.00716	0.00767	0.01231	0.01734	0.02241	0.26133	0.05905	0.44475	0.01596	0.00826	0.00234	0.00414	0.01350	0.00667	0.00663
16	0.06233	0.01531	0.01613	0.01371	0.01795	0.01707	0.01090	0.23394	0.33519	0.03359	0.08171	0.02862	0.08189	0.01028	0.00725	0.00230	0.00596	0.00831	0.00704	0.01051
17	0.01585	0.05337	0.01532	0.01232	0.01468	0.01403	0.00968	0.18756	0.01736	0.02423	0.01815	0.02668	0.01671	0.17111	0.23634	0.00600	0.07807	0.00743	0.06736	0.00776
18	0.02597	0.01907	0.02039	0.01580	0.02123	0.02111	0.01300	0.62071	0.05987	0.04331	0.01790	0.01797	0.01282	0.00858	0.00702	0.00212	0.00751	0.00649	0.04732	0.01179
19	0.00862	0.00643	0.00802	0.00930	0.01017	0.00584	0.00634	0.00998	0.01422	0.01842	0.04673	0.59109	0.19628	0.02134	0.00894	0.00278	0.00401	0.01906	0.00661	0.00584
20	0.05102	0.01094	0.01562	0.05051	0.01830	0.01119	0.04533	0.04020	0.01648	0.21617	0.02635	0.09373	0.02438	0.01446	0.01118	0.07272	0.06490	0.20202	0.00622	0.00830
21	0.00881	0.00636	0.00837	0.00993	0.01052	0.00592	0.00679	0.01018	0.01392	0.01840	0.04102	0.67274	0.08368	0.02193	0.00909	0.00288	0.00423	0.05280	0.00661	0.00584
22	0.00883	0.00631	0.00844	0.01009	0.01057	0.00592	0.00688	0.01018	0.01379	0.01835	0.03916	0.70806	0.04675	0.02216	0.00913	0.00291	0.00427	0.05575	0.00661	0.00583
23	0.01824	0.01369	0.01512	0.01363	0.01730	0.01517	0.01053	0.06904	0.46917	0.10145	0.02995	0.14680	0.02503	0.01164	0.00754	0.00246	0.00555	0.00992	0.00730	0.01048
24	0.53815	0.05747	0.01463	0.01208	0.01637	0.21892	0.00968	0.02310	0.01455	0.02700	0.01023	0.01193	0.00820	0.00679	0.00499	0.00206	0.00772	0.00406	0.00413	0.00794
25	0.03543	0.01535	0.02960	0.05226	0.08849	0.01489	0.38534	0.03853	0.01644	0.02404	0.01732	0.05751	0.01416	0.00747	0.00742	0.00223	0.00910	0.00821	0.16731	0.00889
26	0.01689	0.01576	0.14415	0.01444	0.05646	0.01139	0.01253	0.02284	0.10391	0.16694	0.10540	0.07946	0.13002	0.01106	0.00739	0.00222	0.00609	0.00935	0.00623	0.07747

[dist]
# distance from previous block
# <min> <max>
1	2

[block]
# block no. 1 follows, 29 sequences, length 14
# corresponding to MSA columns:
# 227-240
name=unknown_B
#
# <colnr> <probs for GDERKNQSTAVLIFYWHMCP>
#	G	D	E	R	K	N	Q	S	T	A	V	L	I	F	Y	W	H	M	C	P
0	0.11457	0.01295	0.04037	0.05656	0.01904	0.01262	0.06337	0.08509	0.08634	0.13269	0.05384	0.18633	0.05390	0.03953	0.00853	0.00259	0.00634	0.01037	0.00618	0.00878
1	0.08645	0.11827	0.33238	0.08741	0.02764	0.10148	0.04688	0.02217	0.01529	0.02169	0.01200	0.01456	0.00918	0.00662	0.00623	0.00203	0.00954	0.00503	0.00335	0.07180
2	0.07874	0.07445	0.24970	0.04596	0.02292	0.01489	0.01562	0.07507	0.01657	0.04217	0.04276	0.01896	0.01344	0.00729	0.00623	0.00189	0.00760	0.02893	0.00429	0.23252
3	0.01099	0.00715	0.00913	0.00945	0.01096	0.00647	0.00677	0.01301	0.01636	0.08009	0.21885	0.38958	0.15751	0.01841	0.00863	0.00258	0.00401	0.01632	0.00712	0.00661
4	0.01018	0.00758	0.01120	0.01120	0.01239	0.00877	0.00860	0.01256	0.01137	0.01635	0.01929	0.02919	0.01833	0.09885	0.67680	0.01115	0.01828	0.00781	0.00385	0.00622
5	0.01058	0.00747	0.00920	0.00865	0.01069	0.00669	0.00653	0.01349	0.01910	0.05579	0.50164	0.05608	0.23713	0.01525	0.00835	0.00228	0.00354	0.01321	0.00755	0.00676
6	0.00924	0.00696	0.00822	0.00843	0.00984	0.00629	0.00593	0.01114	0.01603	0.02107	0.24730	0.21495	0.27117	0.11641	0.01231	0.00307	0.00410	0.01494	0.00667	0.00594
7	0.05728	0.01858	0.01921	0.01506	0.02031	0.06471	0.01232	0.47087	0.02859	0.14660	0.01852	0.01830	0.01299	0.00842	0.00685	0.00210	0.00752	0.00632	0.05409	0.01136
8	0.01075	0.00840	0.01223	0.01191	0.01294	0.01008	0.00923	0.01299	0.01130	0.01638	0.01833	0.02817	0.01757	0.10453	0.59440	0.01022	0.09275	0.00770	0.00378	0.00634
9	0.01846	0.32444	0.02359	0.01210	0.01609	0.04321	0.01041	0.10008	0.05803	0.04640	0.01433	0.01743	0.01219	0.01333	0.04441	0.18138	0.00765	0.00540	0.04298	0.00809
10	0.05547	0.13080	0.04991	0.01203	0.01479	0.01346	0.01018	0.01781	0.01358	0.12165	0.08116	0.02228	0.01753	0.01684	0.05811	0.25029	0.09597	0.00653	0.00451	0.00712
11	0.05571	0.03515	0.04482	0.01269	0.01716	0.01408	0.01058	0.17700	0.10194	0.02870	0.10019	0.02325	0.01999	0.01514	0.10362	0.03526	0.00789	0.00681	0.00555	0.18450
12	0.11696	0.12358	0.09467	0.12238	0.05766	0.01795	0.01426	0.15979	0.06216	0.05152	0.01818	0.05345	0.04082	0.00848	0.00648	0.00214	0.00745	0.00666	0.00493	0.03049
13	0.05034	0.19514	0.11511	0.13518	0.02535	0.04851	0.04151	0.03600	0.01550	0.07546	0.01440	0.05163	0.01202	0.00765	0.00689	0.00198	0.03837	0.00594	0.00406	0.11896

[dist]
# distance from previous block
# <min> <max>
2	48

[block]
# block no. 2 follows, 29 sequences, length 17
# corresponding to MSA columns:
# 294-310
name=unknown_C
#
# <colnr> <probs for GDERKNQSTAVLIFYWHMCP>
#	G	D	E	R	K	N	Q	S	T	A	V	L	I	F	Y	W	H	M	C	P
0	0.28807	0.08077	0.14008	0.01301	0.01854	0.01603	0.03106	0.07570	0.06565	0.02693	0.01779	0.01922	0.06465	0.00877	0.00706	0.04588	0.00684	0.00579	0.00454	0.06360
1	0.06115	0.12356	0.10924	0.10689	0.05298	0.01835	0.04384	0.15533	0.04802	0.07976	0.05370	0.03886	0.01532	0.00851	0.00776	0.00221	0.05305	0.00668	0.00499	0.00980
2	0.10078	0.05306	0.01925	0.10142	0.08814	0.01621	0.01285	0.18402	0.07065	0.12755	0.01826	0.05712	0.01433	0.00833	0.00661	0.00208	0.00693	0.00672	0.00571	0.09997
3	0.01245	0.00914	0.01177	0.01054	0.01302	0.00833	0.03575	0.01555	0.05683	0.05885	0.11981	0.21204	0.08580	0.16675	0.01367	0.00319	0.00530	0.01202	0.00591	0.14329
4	0.01472	0.01362	0.01962	0.32018	0.14708	0.05088	0.01624	0.05294	0.01596	0.02096	0.04824	0.13543	0.01967	0.01064	0.00856	0.00245	0.05327	0.03691	0.00435	0.00828
5	0.01269	0.00782	0.01003	0.00933	0.01150	0.00704	0.00704	0.01554	0.01897	0.11926	0.45544	0.12419	0.14352	0.01506	0.00830	0.00233	0.00384	0.01316	0.00768	0.00726
6	0.01826	0.07554	0.11156	0.01412	0.01925	0.01671	0.01276	0.14545	0.27156	0.06734	0.05607	0.02878	0.11184	0.01008	0.00715	0.00225	0.00650	0.00814	0.00635	0.01030
7	0.01036	0.00690	0.00777	0.00777	0.00777	0.00690	0.00431	0.01036	0.01036	0.01381	0.02244	0.04660	0.02589	0.74975	0.03624	0.00690	0.00690	0.01036	0.00431	0.00431
8	0.01236	0.00686	0.00772	0.00772	0.00914	0.00712	0.00571	0.01521	0.01379	0.02329	0.02231	0.02875	0.01889	0.08833	0.15364	0.00415	0.00686	0.00719	0.55457	0.00636
9	0.00868	0.00620	0.00826	0.00991	0.01033	0.00578	0.00661	0.00991	0.01363	0.01818	0.03925	0.74510	0.04710	0.02231	0.00909	0.00289	0.00413	0.02024	0.00661	0.00578
10	0.00946	0.00722	0.00898	0.00960	0.01110	0.00632	0.00668	0.01104	0.01417	0.01901	0.04055	0.54614	0.13955	0.01938	0.00847	0.00257	0.00421	0.01731	0.00629	0.11195
11	0.45713	0.04674	0.01397	0.01115	0.01561	0.05898	0.00913	0.09294	0.04600	0.10579	0.01462	0.01545	0.01086	0.00735	0.00530	0.00211	0.00619	0.00493	0.06692	0.00883
12	0.24376	0.01870	0.01979	0.03117	0.02148	0.14552	0.11943	0.08703	0.08158	0.06396	0.01531	0.03427	0.01200	0.00753	0.00634	0.00211	0.00821	0.00603	0.00492	0.07085
13	0.01478	0.03365	0.09563	0.04519	0.01883	0.06741	0.03025	0.02073	0.11730	0.05003	0.09316	0.08344	0.07341	0.05050	0.00925	0.00264	0.00694	0.12876	0.00568	0.05241
14	0.13830	0.01301	0.01558	0.06897	0.01934	0.01325	0.03645	0.09318	0.10793	0.11201	0.10420	0.05407	0.04965	0.00937	0.00677	0.00210	0.00598	0.00775	0.00605	0.13602
15	0.39181	0.01303	0.01263	0.03326	0.01571	0.01442	0.00887	0.09105	0.07933	0.09887	0.07023	0.02129	0.01690	0.05414	0.00763	0.00249	0.00574	0.00618	0.04782	0.00860
16	0.45310	0.01504	0.08801	0.01098	0.01524	0.01445	0.00995	0.02057	0.05554	0.02864	0.05802	0.01960	0.04107	0.00827	0.00636	0.00222	0.04610	0.00571	0.09311	0.00800

[dist]
# distance from previous block
# <min> <max>
0	8

[block]
# block no. 3 follows, 29 sequences, length 17
# corresponding to MSA columns:
# 319-335
name=unknown_D
#
# <colnr> <probs for GDERKNQSTAVLIFYWHMCP>
#	G	D	E	R	K	N	Q	S	T	A	V	L	I	F	Y	W	H	M	C	P
0	0.15199	0.14604	0.06580	0.12024	0.05313	0.01667	0.05564	0.02520	0.01612	0.24290	0.01674	0.01773	0.01187	0.00738	0.00663	0.00214	0.02294	0.00580	0.00519	0.00986
1	0.01844	0.04640	0.01515	0.02689	0.01630	0.01041	0.02643	0.03940	0.01720	0.21961	0.08754	0.07204	0.06771	0.01417	0.07199	0.00285	0.00678	0.02789	0.05115	0.16164
2	0.01544	0.01453	0.02328	0.25332	0.27507	0.01561	0.05912	0.02199	0.11274	0.02222	0.01900	0.04252	0.04646	0.00802	0.00724	0.00225	0.00812	0.00744	0.00421	0.04141
3	0.12743	0.07330	0.10626	0.01466	0.02061	0.01450	0.08948	0.06623	0.03000	0.10544	0.01710	0.08169	0.01432	0.00805	0.00638	0.00196	0.00709	0.00676	0.00494	0.20380
4	0.01345	0.01266	0.02136	0.73264	0.04904	0.01582	0.01978	0.01819	0.01424	0.01819	0.01266	0.01898	0.00949	0.00712	0.00712	0.00237	0.00949	0.00633	0.00316	0.00791
5	0.01364	0.01017	0.01182	0.01100	0.01359	0.01049	0.00834	0.04893	0.21182	0.05906	0.29122	0.14370	0.10930	0.01409	0.00806	0.00239	0.00446	0.01223	0.00739	0.00830
6	0.01712	0.01217	0.01978	0.43434	0.03591	0.01402	0.04280	0.02037	0.01471	0.15044	0.01546	0.02014	0.01146	0.00991	0.01071	0.10151	0.05017	0.00655	0.00425	0.00818
7	0.01571	0.01272	0.01587	0.11466	0.02164	0.01076	0.01029	0.01970	0.04009	0.06367	0.01418	0.01637	0.01123	0.00591	0.00572	0.00136	0.00594	0.00484	0.00445	0.60486
8	0.01003	0.00742	0.00955	0.01016	0.01179	0.00695	0.00806	0.01275	0.01719	0.02281	0.26001	0.16483	0.17840	0.01807	0.00899	0.00272	0.00460	0.23229	0.00699	0.00639
9	0.01080	0.00773	0.00972	0.11201	0.01370	0.00819	0.00654	0.01148	0.01091	0.01444	0.02103	0.04263	0.02353	0.64296	0.03205	0.00625	0.00728	0.00978	0.00415	0.00483
10	0.01082	0.00746	0.00925	0.00869	0.01052	0.00678	0.00642	0.01354	0.01849	0.05728	0.48781	0.05405	0.17883	0.08574	0.01103	0.00272	0.00387	0.01277	0.00732	0.00661
11	0.01361	0.00792	0.00882	0.00837	0.00979	0.00882	0.00650	0.01667	0.01435	0.02519	0.02123	0.02497	0.01697	0.00890	0.00762	0.00187	0.10878	0.00658	0.67623	0.00680
12	0.01708	0.01422	0.04538	0.33497	0.03148	0.04968	0.01508	0.07006	0.04927	0.10875	0.01978	0.12402	0.01702	0.00996	0.00778	0.00237	0.03046	0.00840	0.03557	0.00868
13	0.01109	0.00865	0.01269	0.01106	0.01224	0.00839	0.10159	0.01211	0.01176	0.01562	0.02466	0.08373	0.05782	0.56556	0.02933	0.00581	0.00732	0.01087	0.00446	0.00524
14	0.01935	0.01929	0.09502	0.02195	0.10489	0.06859	0.16899	0.07102	0.16607	0.10116	0.04876	0.04714	0.01745	0.00844	0.00748	0.00228	0.00853	0.00781	0.00543	0.01035
15	0.11070	0.01661	0.03733	0.21240	0.05468	0.05158	0.01463	0.15087	0.15688	0.07530	0.01743	0.01911	0.01288	0.00810	0.00729	0.00229	0.03035	0.00635	0.00532	0.00988
16	0.07592	0.04337	0.07933	0.01552	0.04061	0.04760	0.06637	0.02645	0.04944	0.29272	0.02014	0.04522	0.01482	0.00923	0.00848	0.04645	0.02987	0.00677	0.00592	0.07576

[dist]
# distance from previous block
# <min> <max>
0	1

[block]
# block no. 4 follows, 29 sequences, length 20
# corresponding to MSA columns:
# 337-356
name=unknown_E
#
# <colnr> <probs for GDERKNQSTAVLIFYWHMCP>
#	G	D	E	R	K	N	Q	S	T	A	V	L	I	F	Y	W	H	M	C	P
0	0.23670	0.24111	0.14315	0.09284	0.02262	0.01930	0.01405	0.02299	0.04171	0.08742	0.01318	0.01474	0.01006	0.00687	0.00554	0.00203	0.00752	0.00484	0.00414	0.00921
1	0.01972	0.00990	0.01262	0.01093	0.01433	0.00905	0.00858	0.04403	0.04352	0.31076	0.16074	0.11730	0.13053	0.03840	0.00888	0.00252	0.00508	0.03638	0.00772	0.00902
2	0.07235	0.06077	0.06335	0.17422	0.07389	0.06947	0.01431	0.04674	0.07118	0.20258	0.02004	0.02102	0.03545	0.00805	0.00669	0.00217	0.00770	0.00646	0.03377	0.00980
3	0.02679	0.01428	0.04059	0.01489	0.05956	0.03988	0.01161	0.07889	0.04856	0.46338	0.07574	0.02652	0.04751	0.00934	0.00725	0.00220	0.00644	0.00766	0.00774	0.01119
4	0.00995	0.00784	0.01003	0.08965	0.01491	0.00786	0.00808	0.01282	0.05503	0.01888	0.04186	0.37647	0.19231	0.08060	0.01094	0.00305	0.00503	0.04230	0.00607	0.00631
5	0.01663	0.01223	0.02063	0.26461	0.03021	0.01297	0.12718	0.02107	0.03689	0.14600	0.04591	0.08659	0.01829	0.01377	0.08134	0.00330	0.00922	0.00851	0.03603	0.00863
6	0.09532	0.07910	0.12675	0.12173	0.11836	0.04435	0.01618	0.08077	0.03946	0.10574	0.01661	0.04567	0.01341	0.00841	0.00737	0.00225	0.03738	0.02671	0.00471	0.00972
7	0.02752	0.01455	0.01779	0.01412	0.01911	0.01485	0.01155	0.17376	0.13926	0.41049	0.02484	0.02262	0.01669	0.00910	0.00806	0.00228	0.04672	0.00710	0.00786	0.01173
8	0.01126	0.00710	0.00902	0.00965	0.01107	0.00638	0.00680	0.01286	0.01514	0.09553	0.06971	0.50496	0.17428	0.01967	0.00872	0.00269	0.00421	0.01748	0.00690	0.00657
9	0.08843	0.01084	0.01380	0.05509	0.01714	0.01075	0.02647	0.02137	0.09740	0.15903	0.05029	0.13564	0.04933	0.01479	0.04819	0.06100	0.00649	0.03259	0.00600	0.09534
10	0.01393	0.01580	0.11469	0.22587	0.02825	0.01542	0.04123	0.04351	0.05132	0.01994	0.01554	0.03849	0.01343	0.04713	0.15369	0.00448	0.13825	0.00709	0.00378	0.00816
11	0.71320	0.01437	0.01396	0.01165	0.01637	0.01620	0.08220	0.02114	0.01264	0.03093	0.01041	0.01241	0.00805	0.00654	0.00485	0.00223	0.00623	0.00436	0.00432	0.00792
12	0.10696	0.06072	0.11001	0.01753	0.08579	0.03882	0.02936	0.06569	0.10578	0.16065	0.01874	0.04341	0.01468	0.03932	0.00928	0.00247	0.06864	0.00677	0.00539	0.00998
13	0.01477	0.01266	0.01477	0.01055	0.01687	0.00949	0.00844	0.01793	0.01477	0.02320	0.01266	0.01477	0.01055	0.00527	0.00527	0.00105	0.00527	0.00422	0.00422	0.79328
14	0.00969	0.00752	0.00893	0.00968	0.01107	0.00722	0.00683	0.01328	0.08993	0.02031	0.08307	0.45477	0.21243	0.01939	0.00867	0.00268	0.00412	0.01715	0.00675	0.00650
15	0.01921	0.04664	0.02339	0.09674	0.02570	0.04011	0.14837	0.20115	0.02072	0.06271	0.01833	0.07529	0.01572	0.00894	0.00729	0.00215	0.00820	0.04658	0.00526	0.12751
16	0.02115	0.01340	0.01577	0.01259	0.01760	0.01286	0.01008	0.09289	0.19298	0.22143	0.08595	0.02429	0.02086	0.00859	0.00679	0.00195	0.00566	0.00706	0.00692	0.22120
17	0.07523	0.11115	0.09064	0.16135	0.09964	0.03981	0.09285	0.04705	0.01624	0.12303	0.01453	0.01726	0.01088	0.00741	0.00790	0.00222	0.06283	0.00604	0.00430	0.00962
18	0.01412	0.05427	0.01378	0.01155	0.01353	0.01110	0.00901	0.01676	0.03872	0.11302	0.15003	0.24502	0.12408	0.01549	0.01073	0.00256	0.12963	0.01272	0.00633	0.00756
19	0.01150	0.00724	0.00926	0.00958	0.01114	0.00653	0.00686	0.01343	0.01614	0.09721	0.17835	0.41168	0.15698	0.01852	0.00862	0.00260	0.00410	0.01642	0.00710	0.00671

[dist]
# distance from previous block
# <min> <max>
0	1

[block]
# block no. 5 follows, 29 sequences, length 23
# corresponding to MSA columns:
# 358-380
name=unknown_F
#
# <colnr> <probs for GDERKNQSTAVLIFYWHMCP>
#	G	D	E	R	K	N	Q	S	T	A	V	L	I	F	Y	W	H	M	C	P
0	0.01955	0.15108	0.17819	0.18188	0.03033	0.01795	0.08379	0.08029	0.01750	0.14957	0.01560	0.01760	0.01119	0.00718	0.00672	0.00215	0.00886	0.00601	0.00454	0.01002
1	0.02099	0.01368	0.01579	0.01353	0.01751	0.01495	0.01076	0.09075	0.33905	0.19427	0.02575	0.02486	0.01884	0.01281	0.06404	0.00302	0.03358	0.00748	0.06768	0.01068
2	0.00950	0.00714	0.00907	0.00982	0.01118	0.00634	0.00688	0.01115	0.01430	0.01930	0.06110	0.55527	0.10153	0.01961	0.00859	0.00263	0.00427	0.03898	0.00637	0.09696
3	0.01859	0.36742	0.02638	0.09587	0.02096	0.07647	0.01228	0.06517	0.03299	0.04583	0.03628	0.01893	0.04476	0.00792	0.00649	0.00188	0.03933	0.00569	0.06798	0.00881
4	0.01536	0.10879	0.31165	0.09846	0.02553	0.04803	0.01764	0.03375	0.01610	0.06029	0.05174	0.06233	0.10224	0.00949	0.00697	0.00221	0.00834	0.00767	0.00433	0.00909
5	0.13057	0.08544	0.31155	0.01771	0.02503	0.01684	0.10490	0.05440	0.04029	0.06802	0.01545	0.04815	0.01216	0.00901	0.02853	0.00251	0.00914	0.00635	0.00419	0.00975
6	0.02101	0.11990	0.17723	0.11661	0.02630	0.01594	0.05808	0.02538	0.01678	0.25938	0.04281	0.01997	0.01434	0.00797	0.00769	0.00221	0.04655	0.00640	0.00527	0.01018
7	0.01806	0.01562	0.01710	0.01510	0.01876	0.01846	0.01191	0.07625	0.57185	0.02928	0.02596	0.02470	0.01969	0.00991	0.00910	0.00248	0.09035	0.00774	0.00676	0.01092
8	0.01004	0.00684	0.00815	0.00845	0.00862	0.00686	0.00509	0.01047	0.01103	0.01481	0.02518	0.17018	0.02903	0.56345	0.08653	0.00655	0.00739	0.01191	0.00469	0.00474
9	0.02371	0.04864	0.01838	0.03870	0.10449	0.04923	0.03153	0.02681	0.01812	0.35633	0.02415	0.04459	0.01836	0.00938	0.00705	0.00220	0.00675	0.06407	0.09731	0.01019
10	0.01127	0.00725	0.00884	0.00926	0.01098	0.00641	0.00662	0.01289	0.01535	0.09862	0.04979	0.41834	0.27943	0.01921	0.00862	0.00264	0.00417	0.01685	0.00687	0.00660
11	0.01753	0.01535	0.02214	0.01852	0.01950	0.02032	0.04587	0.01943	0.01228	0.09758	0.01175	0.01675	0.01037	0.01174	0.02080	0.00298	0.61848	0.00644	0.00380	0.00837
12	0.02258	0.16460	0.06683	0.09893	0.04047	0.17089	0.01432	0.05824	0.06874	0.16831	0.01637	0.01733	0.01215	0.00780	0.00722	0.00207	0.04267	0.00570	0.00495	0.00982
13	0.10933	0.41496	0.08570	0.01284	0.01883	0.06016	0.01243	0.02183	0.01479	0.05223	0.01141	0.01298	0.00956	0.00645	0.00551	0.00169	0.02537	0.00425	0.00366	0.11602
14	0.01056	0.00788	0.01011	0.01059	0.01145	0.00831	0.00789	0.01232	0.01399	0.01924	0.06702	0.30467	0.10064	0.11629	0.01408	0.00334	0.08949	0.11829	0.06776	0.00608
15	0.01298	0.09839	0.01314	0.00996	0.01292	0.13769	0.00779	0.01486	0.01673	0.01882	0.06897	0.08102	0.45180	0.01482	0.00764	0.00222	0.00575	0.01202	0.00570	0.00679
16	0.01234	0.01078	0.03792	0.01335	0.01565	0.01038	0.08271	0.01543	0.05047	0.04528	0.08364	0.23467	0.15288	0.01643	0.01176	0.06505	0.09022	0.03833	0.00568	0.00704
17	0.08920	0.01205	0.01508	0.01203	0.01698	0.01118	0.00982	0.03183	0.08289	0.52600	0.02885	0.02589	0.05336	0.00918	0.00692	0.00221	0.00573	0.00738	0.04228	0.01113
18	0.00890	0.00635	0.00852	0.01017	0.01068	0.00597	0.00699	0.01030	0.01385	0.01842	0.03912	0.69260	0.04661	0.02210	0.00915	0.00292	0.00432	0.07056	0.00661	0.00584
19	0.09330	0.01317	0.01623	0.01415	0.01725	0.04604	0.06290	0.05689	0.10680	0.12053	0.04185	0.16611	0.02339	0.01415	0.04233	0.00292	0.08002	0.04078	0.03252	0.00866
20	0.01138	0.00833	0.01010	0.00953	0.01173	0.00795	0.00730	0.01620	0.09119	0.04964	0.45306	0.05361	0.18337	0.01475	0.00830	0.00234	0.00389	0.04257	0.00751	0.00724
21	0.08505	0.01345	0.01507	0.01251	0.01695	0.03049	0.00998	0.08872	0.17798	0.30950	0.04757	0.02873	0.08503	0.03656	0.00815	0.00243	0.00596	0.00801	0.00742	0.01046
22	0.01262	0.01001	0.01119	0.01068	0.01271	0.01078	0.00784	0.02028	0.23688	0.02286	0.09943	0.13207	0.13957	0.14441	0.01349	0.00324	0.03689	0.01146	0.05599	0.00759

[dist]
# distance from previous block
# <min> <max>
7	27

[block]
# block no. 6 follows, 29 sequences, length 32
# corresponding to MSA columns:
# 409-440
name=unknown_G
#
# <colnr> <probs for GDERKNQSTAVLIFYWHMCP>
#	G	D	E	R	K	N	Q	S	T	A	V	L	I	F	Y	W	H	M	C	P
0	0.01414	0.00989	0.01375	0.01221	0.01467	0.00997	0.05144	0.05777	0.04696	0.09872	0.23498	0.18182	0.08024	0.01862	0.08460	0.00341	0.04025	0.01213	0.00663	0.00780
1	0.12217	0.01650	0.03695	0.09502	0.02170	0.08960	0.03377	0.18883	0.02051	0.09539	0.05083	0.09259	0.04453	0.00981	0.00692	0.00221	0.00736	0.00793	0.02930	0.02809
2	0.15277	0.01688	0.01770	0.09301	0.08649	0.11872	0.01284	0.04868	0.13445	0.15338	0.01814	0.01907	0.01339	0.00812	0.00733	0.00222	0.04473	0.00612	0.03627	0.00970
3	0.03721	0.01039	0.01385	0.05716	0.09010	0.01088	0.01025	0.03428	0.02860	0.05589	0.02790	0.10609	0.10789	0.12375	0.07861	0.00388	0.06120	0.04707	0.04471	0.05029
4	0.01881	0.01603	0.01862	0.13692	0.06803	0.06724	0.01306	0.17105	0.04033	0.04583	0.01574	0.01987	0.01269	0.00749	0.00654	0.00183	0.00743	0.03735	0.00495	0.29017
5	0.16489	0.01273	0.01411	0.08525	0.05312	0.04707	0.01071	0.02176	0.13700	0.06524	0.05457	0.15868	0.03983	0.01164	0.00711	0.00238	0.00613	0.05084	0.00571	0.05123
6	0.62431	0.09335	0.05826	0.01039	0.01516	0.01676	0.00932	0.02049	0.01264	0.02899	0.01167	0.05116	0.01006	0.00741	0.00483	0.00217	0.00598	0.00482	0.00429	0.00794
7	0.01491	0.01485	0.02729	0.45851	0.15644	0.01650	0.16902	0.01985	0.01515	0.02009	0.01317	0.01881	0.01009	0.00674	0.00740	0.00234	0.00989	0.00680	0.00332	0.00886
8	0.01656	0.06194	0.02280	0.43505	0.03768	0.01760	0.04649	0.13491	0.01762	0.02334	0.01317	0.01767	0.01006	0.00738	0.00769	0.00221	0.04560	0.00610	0.00395	0.07219
9	0.55577	0.01475	0.04375	0.01123	0.01577	0.01563	0.00966	0.02376	0.04996	0.13369	0.01380	0.01471	0.01014	0.00749	0.00630	0.00228	0.05273	0.00480	0.00508	0.00870
10	0.00901	0.00636	0.00828	0.00969	0.01007	0.00602	0.00641	0.01012	0.01322	0.01761	0.03669	0.62184	0.04375	0.13086	0.01316	0.00350	0.00461	0.03693	0.00627	0.00559
11	0.02171	0.01424	0.04752	0.01339	0.01796	0.01373	0.01107	0.06509	0.29977	0.26480	0.04501	0.06724	0.06526	0.01051	0.00739	0.00234	0.00586	0.00875	0.00752	0.01084
12	0.10478	0.01564	0.01655	0.01361	0.01812	0.01720	0.01097	0.32691	0.16155	0.08780	0.02137	0.05678	0.01645	0.00926	0.00674	0.00219	0.00634	0.00726	0.08992	0.01057
13	0.00896	0.00641	0.00855	0.00997	0.01058	0.00600	0.00686	0.01052	0.01445	0.01941	0.10803	0.64069	0.04889	0.02137	0.00905	0.00284	0.00417	0.05061	0.00674	0.00592
14	0.01032	0.00753	0.01066	0.01077	0.01192	0.00828	0.00820	0.01262	0.01269	0.01785	0.09385	0.03882	0.02663	0.15599	0.46653	0.00893	0.01423	0.07348	0.00459	0.00609
15	0.01136	0.00746	0.00896	0.00893	0.01095	0.00656	0.00656	0.01338	0.01662	0.09578	0.17232	0.26269	0.31667	0.01767	0.00848	0.00250	0.00398	0.01534	0.00707	0.00674
16	0.01585	0.03724	0.10082	0.02169	0.02486	0.02041	0.19187	0.01931	0.01299	0.01920	0.01106	0.01637	0.00969	0.00999	0.01719	0.00280	0.45020	0.00664	0.00323	0.00859
17	0.01453	0.01404	0.01981	0.01729	0.01754	0.01932	0.01429	0.01628	0.01101	0.01702	0.01123	0.01797	0.01098	0.02037	0.15822	0.00472	0.59811	0.00650	0.00325	0.00751
18	0.01428	0.03683	0.71286	0.02030	0.03082	0.01654	0.02631	0.02255	0.01503	0.02255	0.01278	0.01503	0.00902	0.00677	0.00677	0.00226	0.01052	0.00526	0.00301	0.01052
19	0.01940	0.01959	0.09971	0.09835	0.02936	0.06858	0.22698	0.07073	0.07270	0.11394	0.03085	0.01973	0.01330	0.00769	0.00839	0.00230	0.05276	0.00707	0.00480	0.03379
20	0.01644	0.01509	0.02405	0.33144	0.18823	0.06031	0.10057	0.02012	0.01516	0.05306	0.01366	0.01885	0.01074	0.00877	0.00942	0.08611	0.00927	0.00651	0.00360	0.00860
21	0.01045	0.00775	0.00979	0.00920	0.01105	0.00734	0.00692	0.01473	0.05994	0.02816	0.62977	0.05238	0.09659	0.01444	0.00833	0.00226	0.00351	0.01270	0.00774	0.00695
22	0.00967	0.00735	0.00900	0.00979	0.01102	0.00705	0.00687	0.01304	0.07764	0.02088	0.13714	0.47776	0.14733	0.01939	0.00872	0.00268	0.00408	0.01728	0.00684	0.00646
23	0.03038	0.01318	0.01701	0.01320	0.01862	0.01223	0.01085	0.10354	0.07143	0.58941	0.02699	0.02365	0.01735	0.00885	0.00716	0.00221	0.00622	0.00715	0.00852	0.01205
24	0.02850	0.01186	0.01575	0.01242	0.01740	0.01064	0.01013	0.03270	0.07369	0.58397	0.09959	0.02749	0.02321	0.00949	0.00730	0.00222	0.00574	0.00784	0.00859	0.01148
25	0.01024	0.00737	0.01011	0.01011	0.01092	0.00818	0.00724	0.01186	0.01105	0.01554	0.02029	0.03474	0.02074	0.30626	0.47269	0.00980	0.01465	0.00862	0.00400	0.00562
26	0.01345	0.01266	0.02136	0.73264	0.04904	0.01582	0.01978	0.01819	0.01424	0.01819	0.01266	0.01898	0.00949	0.00712	0.00712	0.00237	0.00949	0.00633	0.00316	0.00791
27	0.01345	0.01266	0.02136	0.73264	0.04904	0.01582	0.01978	0.01819	0.01424	0.01819	0.01266	0.01898	0.00949	0.00712	0.00712	0.00237	0.00949	0.00633	0.00316	0.00791
28	0.01819	0.01030	0.01308	0.01262	0.05114	0.00962	0.00907	0.08953	0.01872	0.23306	0.05984	0.23523	0.18067	0.01467	0.00801	0.00243	0.00520	0.01264	0.00721	0.00876
29	0.01018	0.00760	0.01128	0.01128	0.01250	0.00881	0.00870	0.01261	0.01140	0.01641	0.01922	0.02878	0.01815	0.08354	0.69188	0.01125	0.01855	0.00775	0.00384	0.00627
30	0.24405	0.01591	0.01362	0.01234	0.01543	0.15847	0.00959	0.08093	0.01566	0.04540	0.01430	0.01825	0.01201	0.01997	0.17511	0.09025	0.01041	0.00559	0.03521	0.00751
31	0.43474	0.01633	0.01291	0.01144	0.01544	0.12984	0.00908	0.05291	0.05030	0.06550	0.08876	0.02067	0.04965	0.00849	0.00577	0.00216	0.00653	0.00599	0.00526	0.00823

[dist]
# distance from previous block
# <min> <max>
0	3

[block]
# block no. 7 follows, 29 sequences, length 30
# corresponding to MSA columns:
# 444-473
name=unknown_H
#
# <colnr> <probs for GDERKNQSTAVLIFYWHMCP>
#	G	D	E	R	K	N	Q	S	T	A	V	L	I	F	Y	W	H	M	C	P
0	0.12177	0.01616	0.01494	0.01279	0.01655	0.14025	0.00985	0.08147	0.09760	0.20947	0.06471	0.02564	0.01938	0.12532	0.01134	0.00290	0.00727	0.00719	0.00623	0.00918
1	0.01820	0.01490	0.02250	0.01740	0.02237	0.01499	0.20601	0.11011	0.17798	0.07848	0.04918	0.02570	0.05658	0.00862	0.00730	0.00218	0.00733	0.00806	0.09471	0.05738
2	0.02161	0.01949	0.01775	0.01528	0.01957	0.14689	0.01200	0.20739	0.35696	0.03140	0.02221	0.02152	0.01668	0.00887	0.00694	0.00219	0.00742	0.00690	0.04825	0.01070
3	0.01678	0.01259	0.01497	0.01080	0.01703	0.00961	0.00868	0.01990	0.01542	0.10375	0.01447	0.01588	0.01138	0.00569	0.00549	0.00119	0.00537	0.00456	0.00476	0.70170
4	0.01036	0.00690	0.00777	0.00777	0.00777	0.00690	0.00431	0.01036	0.01036	0.01381	0.02244	0.04660	0.02589	0.74975	0.03624	0.00690	0.00690	0.01036	0.00431	0.00431
5	0.01237	0.00618	0.00928	0.00928	0.00928	0.00618	0.00618	0.00928	0.00928	0.01237	0.01237	0.02165	0.01237	0.02474	0.02783	0.79283	0.00618	0.00618	0.00309	0.00309
6	0.01031	0.00710	0.00875	0.00875	0.00909	0.00744	0.00554	0.01099	0.01065	0.01454	0.02153	0.04160	0.02372	0.56306	0.21997	0.00812	0.01017	0.00962	0.00418	0.00486
7	0.01157	0.00809	0.01009	0.00978	0.01168	0.00775	0.00724	0.01597	0.08551	0.06231	0.39916	0.20499	0.10680	0.01577	0.00837	0.00241	0.00392	0.01391	0.00746	0.00720
8	0.02649	0.01812	0.01995	0.01545	0.02086	0.01964	0.01271	0.54286	0.05190	0.12862	0.05542	0.02024	0.01606	0.00894	0.00720	0.00216	0.00730	0.00690	0.00738	0.01180
9	0.01715	0.01644	0.02805	0.12178	0.63096	0.01679	0.02162	0.02144	0.01599	0.02269	0.01331	0.01778	0.01108	0.00643	0.00706	0.00214	0.00858	0.00634	0.00348	0.01090
10	0.01036	0.00690	0.00777	0.00777	0.00777	0.00690	0.00431	0.01036	0.01036	0.01381	0.02244	0.04660	0.02589	0.74975	0.03624	0.00690	0.00690	0.01036	0.00431	0.00431
11	0.80005	0.01377	0.01047	0.00936	0.01377	0.01597	0.00771	0.02093	0.01212	0.03195	0.00991	0.01157	0.00771	0.00661	0.00441	0.00220	0.00551	0.00386	0.00441	0.00771
12	0.01477	0.01266	0.01477	0.01055	0.01687	0.00949	0.00844	0.01793	0.01477	0.02320	0.01266	0.01477	0.01055	0.00527	0.00527	0.00105	0.00527	0.00422	0.00422	0.79328
13	0.23563	0.27311	0.06817	0.01280	0.01832	0.02088	0.01189	0.16049	0.01793	0.05598	0.01291	0.01442	0.01023	0.00974	0.04829	0.00251	0.00789	0.00483	0.00456	0.00942
14	0.01428	0.03683	0.71286	0.02030	0.03082	0.01654	0.02631	0.02255	0.01503	0.02255	0.01278	0.01503	0.00902	0.00677	0.00677	0.00226	0.01052	0.00526	0.00301	0.01052
15	0.01666	0.01583	0.02623	0.12905	0.55173	0.01631	0.02025	0.02169	0.05201	0.02277	0.01688	0.02066	0.04397	0.00717	0.00713	0.00218	0.00821	0.00684	0.00382	0.01060
16	0.02258	0.01974	0.07975	0.01604	0.02156	0.02002	0.01383	0.39177	0.26973	0.03748	0.02101	0.02033	0.01532	0.00879	0.00714	0.00225	0.00728	0.00690	0.00681	0.01167
17	0.00866	0.00625	0.00821	0.00977	0.01029	0.00580	0.00655	0.00993	0.01377	0.01823	0.04102	0.70867	0.08238	0.02208	0.00905	0.00287	0.00410	0.01996	0.00661	0.00580
18	0.01008	0.00728	0.00952	0.00896	0.01064	0.00672	0.00672	0.01344	0.02016	0.02855	0.70158	0.05319	0.06719	0.01456	0.00840	0.00224	0.00336	0.01288	0.00784	0.00672
19	0.01109	0.00685	0.00916	0.01014	0.01113	0.00631	0.00700	0.01260	0.01468	0.08807	0.07604	0.63332	0.04529	0.02051	0.00886	0.00279	0.00428	0.01851	0.00690	0.00647
20	0.05473	0.01154	0.01484	0.01193	0.01643	0.01065	0.00966	0.05619	0.05534	0.46270	0.18439	0.03035	0.02882	0.01011	0.00735	0.00222	0.00546	0.00839	0.00827	0.01065
21	0.01732	0.01206	0.01410	0.01328	0.01653	0.01296	0.01053	0.02866	0.35481	0.13024	0.03209	0.13908	0.02866	0.01338	0.00803	0.00263	0.00568	0.14305	0.00725	0.00965
22	0.01345	0.01266	0.02136	0.73264	0.04904	0.01582	0.01978	0.01819	0.01424	0.01819	0.01266	0.01898	0.00949	0.00712	0.00712	0.00237	0.00949	0.00633	0.00316	0.00791
23	0.01019	0.00755	0.01105	0.01105	0.01218	0.00869	0.00841	0.01246	0.01133	0.01624	0.01944	0.02998	0.01867	0.12856	0.64757	0.01095	0.01776	0.00792	0.00387	0.00614
24	0.01017	0.00763	0.01144	0.01144	0.01272	0.00890	0.00890	0.01272	0.01144	0.01653	0.01907	0.02797	0.01780	0.05340	0.72153	0.01144	0.01907	0.00763	0.00381	0.00636
25	0.00888	0.00632	0.00833	0.00972	0.01020	0.00592	0.00648	0.01020	0.01392	0.01868	0.08711	0.65218	0.04731	0.06534	0.01067	0.00308	0.00424	0.01911	0.00656	0.00576
26	0.00914	0.00639	0.00812	0.00932	0.00962	0.00609	0.00597	0.01004	0.01272	0.01696	0.03458	0.55133	0.04121	0.22411	0.01662	0.00400	0.00490	0.01750	0.00597	0.00538
27	0.05846	0.06159	0.07081	0.05017	0.03496	0.01834	0.55353	0.02246	0.01626	0.02279	0.01378	0.01815	0.01042	0.00611	0.00785	0.00233	0.01126	0.00768	0.00357	0.00946
28	0.02927	0.01216	0.01591	0.01253	0.01765	0.01107	0.01024	0.03402	0.09624	0.59401	0.02791	0.02463	0.01813	0.00888	0.00705	0.00220	0.00585	0.00723	0.05331	0.01171
29	0.04747	0.05572	0.11218	0.03500	0.02126	0.01470	0.10704	0.02301	0.17868	0.04222	0.06597	0.10061	0.08047	0.01057	0.00795	0.00233	0.03436	0.00916	0.00537	0.04591

[dist]
# distance from previous block
# <min> <max>
2	5

[block]
# block no. 8 follows, 29 sequences, length 22
# corresponding to MSA columns:
# 479-500
name=unknown_I
#
# <colnr> <probs for GDERKNQSTAVLIFYWHMCP>
#	G	D	E	R	K	N	Q	S	T	A	V	L	I	F	Y	W	H	M	C	P
0	0.52653	0.01458	0.03877	0.03710	0.04737	0.01574	0.01015	0.07763	0.01479	0.03035	0.04689	0.05706	0.01364	0.00831	0.00613	0.00228	0.03389	0.00581	0.00476	0.00821
1	0.01776	0.05981	0.05539	0.06583	0.01857	0.01243	0.01072	0.06385	0.09692	0.16395	0.10601	0.03301	0.14703	0.01050	0.00710	0.00212	0.00580	0.00865	0.04013	0.07442
2	0.38998	0.05064	0.04066	0.01113	0.01605	0.01437	0.00950	0.02511	0.05379	0.21630	0.01686	0.01783	0.01237	0.04082	0.00692	0.00232	0.00601	0.00537	0.00565	0.05832
3	0.18861	0.06054	0.01780	0.01424	0.05179	0.01559	0.01110	0.10217	0.08920	0.27235	0.01951	0.01894	0.01372	0.00808	0.00704	0.00215	0.03924	0.00601	0.00638	0.05555
4	0.07819	0.08394	0.01744	0.01337	0.01750	0.01767	0.01074	0.14335	0.36410	0.03050	0.05742	0.06495	0.02139	0.00982	0.00683	0.00226	0.00591	0.00793	0.03646	0.01023
5	0.01020	0.00753	0.01095	0.01095	0.01205	0.00863	0.00829	0.01240	0.01130	0.01617	0.01952	0.03046	0.01888	0.14635	0.63006	0.01084	0.01745	0.00799	0.00388	0.00608
6	0.01904	0.75404	0.03731	0.01218	0.01828	0.02818	0.01218	0.02132	0.01447	0.01675	0.00990	0.01142	0.00914	0.00609	0.00457	0.00152	0.00761	0.00381	0.00305	0.00914
7	0.00868	0.00620	0.00826	0.00991	0.01033	0.00578	0.00661	0.00991	0.01363	0.01818	0.03925	0.74510	0.04710	0.02231	0.00909	0.00289	0.00413	0.02024	0.00661	0.00578
8	0.01681	0.01921	0.04202	0.03001	0.03721	0.01801	0.67947	0.02281	0.01681	0.02281	0.01441	0.01921	0.01080	0.00600	0.00840	0.00240	0.01200	0.00840	0.00360	0.00960
9	0.13616	0.01262	0.01587	0.01235	0.01772	0.01163	0.01020	0.05600	0.01973	0.59424	0.02523	0.02226	0.01608	0.00850	0.00679	0.00220	0.00605	0.00668	0.00815	0.01152
10	0.00953	0.00759	0.00858	0.00827	0.01044	0.00682	0.00622	0.01279	0.04704	0.02368	0.33965	0.06016	0.40125	0.01619	0.00836	0.00233	0.00359	0.01381	0.00716	0.00654
11	0.01698	0.01626	0.02774	0.14976	0.60430	0.01675	0.02153	0.02129	0.01591	0.02248	0.01328	0.01783	0.01100	0.00646	0.00706	0.00215	0.00862	0.00634	0.00347	0.01076
12	0.01904	0.75404	0.03731	0.01218	0.01828	0.02818	0.01218	0.02132	0.01447	0.01675	0.00990	0.01142	0.00914	0.00609	0.00457	0.00152	0.00761	0.00381	0.00305	0.00914
13	0.00959	0.00679	0.00799	0.00841	0.00938	0.00634	0.00563	0.01105	0.01429	0.01923	0.13825	0.26270	0.17619	0.22377	0.01622	0.00374	0.00464	0.01445	0.05574	0.00561
14	0.01269	0.00716	0.00776	0.00767	0.00957	0.00667	0.00564	0.01514	0.01526	0.07309	0.03813	0.11969	0.20067	0.05505	0.00830	0.00233	0.00389	0.01062	0.39402	0.00665
15	0.06281	0.03395	0.11039	0.06453	0.09117	0.01273	0.05500	0.04548	0.01723	0.18424	0.07387	0.10592	0.06204	0.01026	0.00725	0.00228	0.00691	0.00888	0.03568	0.00938
16	0.01771	0.01530	0.01610	0.01449	0.01852	0.01771	0.01127	0.03784	0.69247	0.02979	0.02898	0.02657	0.02174	0.00966	0.00725	0.00242	0.00564	0.00805	0.00725	0.01127
17	0.01021	0.00749	0.01072	0.01072	0.01175	0.00851	0.00800	0.01225	0.01123	0.01600	0.01973	0.03163	0.01939	0.18993	0.58718	0.01055	0.01669	0.00816	0.00391	0.00596
18	0.02430	0.16620	0.02509	0.01728	0.05235	0.17804	0.09070	0.04958	0.01859	0.22868	0.01678	0.01725	0.01221	0.00722	0.00648	0.00192	0.00873	0.00577	0.00524	0.06759
19	0.01166	0.00866	0.01134	0.01184	0.06230	0.00829	0.00816	0.01575	0.05911	0.05209	0.43620	0.04887	0.16223	0.01646	0.05281	0.00284	0.00500	0.01192	0.00707	0.00739
20	0.01785	0.01596	0.05815	0.04087	0.03916	0.06440	0.01114	0.05457	0.01670	0.09317	0.01512	0.03697	0.01218	0.00664	0.00597	0.00149	0.00659	0.00532	0.00473	0.49301
21	0.12529	0.01450	0.04949	0.02937	0.01721	0.05569	0.01104	0.04733	0.03646	0.16883	0.17106	0.02600	0.02473	0.00998	0.00926	0.00227	0.11533	0.00745	0.03975	0.03897

[dist]
# distance from previous block
# <min> <max>
0	1

[block]
# block no. 9 follows, 29 sequences, length 102
# corresponding to MSA columns:
# 502-603
name=unknown_J
#
# <colnr> <probs for GDERKNQSTAVLIFYWHMCP>
#	G	D	E	R	K	N	Q	S	T	A	V	L	I	F	Y	W	H	M	C	P
0	0.01907	0.07048	0.01830	0.01270	0.01842	0.06633	0.03628	0.03604	0.06097	0.13089	0.03518	0.01792	0.01380	0.00669	0.00598	0.00153	0.00644	0.00538	0.00514	0.43247
1	0.02370	0.02870	0.02050	0.16425	0.02747	0.53706	0.01502	0.04976	0.01925	0.01857	0.01153	0.01431	0.00935	0.00744	0.00694	0.00198	0.02713	0.00504	0.00368	0.00831
2	0.01902	0.01330	0.04111	0.06786	0.04697	0.01111	0.01098	0.03938	0.04310	0.19025	0.01882	0.05040	0.01458	0.00750	0.00627	0.00171	0.00604	0.00623	0.04076	0.36462
3	0.06274	0.14576	0.02188	0.01461	0.01982	0.02114	0.01223	0.32215	0.22028	0.05903	0.01933	0.01884	0.01437	0.00835	0.00658	0.00212	0.00697	0.00633	0.00637	0.01112
4	0.46512	0.01782	0.04927	0.01218	0.01682	0.11516	0.01026	0.02412	0.07579	0.06770	0.01316	0.01433	0.01005	0.00721	0.00581	0.00213	0.02699	0.00469	0.00470	0.05670
5	0.03285	0.03463	0.01047	0.00998	0.01148	0.00803	0.00710	0.02783	0.01406	0.03764	0.04600	0.42919	0.07380	0.09979	0.07441	0.00383	0.00608	0.01497	0.00588	0.05197
6	0.07648	0.08236	0.03710	0.01546	0.06979	0.04836	0.01181	0.17711	0.14777	0.08953	0.04275	0.04072	0.01711	0.00870	0.00651	0.00210	0.00661	0.00687	0.10280	0.01006
7	0.01717	0.01020	0.01242	0.02709	0.01481	0.00914	0.00822	0.02112	0.07006	0.20421	0.12495	0.05467	0.15567	0.05495	0.00892	0.00233	0.00502	0.00946	0.03778	0.15181
8	0.02754	0.03501	0.01797	0.01345	0.01888	0.01437	0.01110	0.21473	0.05755	0.40086	0.02536	0.02318	0.04277	0.00886	0.00702	0.00212	0.00644	0.00704	0.00774	0.05801
9	0.04158	0.27887	0.11641	0.13242	0.02566	0.06772	0.01552	0.12245	0.01787	0.06282	0.01292	0.01505	0.01010	0.00730	0.00688	0.00201	0.04556	0.00518	0.00410	0.00958
10	0.00865	0.00630	0.00816	0.00965	0.01026	0.00581	0.00649	0.00994	0.01389	0.01828	0.04244	0.67938	0.11076	0.02189	0.00902	0.00284	0.00408	0.01974	0.00661	0.00581
11	0.01619	0.01346	0.01372	0.01293	0.01599	0.07428	0.01004	0.02644	0.31667	0.06914	0.09523	0.11600	0.08633	0.01314	0.00788	0.00249	0.00586	0.08829	0.00688	0.00904
12	0.02493	0.01888	0.02017	0.01595	0.02127	0.02108	0.01302	0.53473	0.18382	0.04143	0.01981	0.01926	0.01431	0.00880	0.00715	0.00220	0.00733	0.00678	0.00715	0.01192
13	0.01036	0.00690	0.00777	0.00777	0.00777	0.00690	0.00431	0.01036	0.01036	0.01381	0.02244	0.04660	0.02589	0.74975	0.03624	0.00690	0.00690	0.01036	0.00431	0.00431
14	0.05731	0.04837	0.04870	0.01370	0.01946	0.01436	0.01183	0.17990	0.02256	0.47352	0.02345	0.02118	0.01526	0.00846	0.00692	0.00216	0.00671	0.00664	0.00776	0.01175
15	0.02091	0.01524	0.10075	0.11188	0.08364	0.01324	0.01462	0.02508	0.04305	0.29068	0.02260	0.11607	0.01820	0.01029	0.00893	0.00241	0.07797	0.00842	0.00600	0.01001
16	0.00912	0.00654	0.00810	0.00906	0.00966	0.00613	0.00594	0.01026	0.01353	0.01787	0.07740	0.46565	0.11542	0.19295	0.01538	0.00375	0.00468	0.01691	0.00614	0.00552
17	0.02573	0.01867	0.02017	0.01583	0.02123	0.02063	0.01296	0.53124	0.14740	0.08166	0.01982	0.01917	0.01411	0.00876	0.00715	0.00219	0.00735	0.00674	0.00724	0.01196
18	0.03758	0.01604	0.08964	0.33669	0.19798	0.01547	0.03585	0.02120	0.01544	0.09160	0.01545	0.02129	0.01211	0.00773	0.00756	0.00234	0.02708	0.03556	0.00401	0.00938
19	0.01035	0.00693	0.00789	0.00789	0.00793	0.00697	0.00447	0.01043	0.01039	0.01390	0.02232	0.04598	0.02562	0.72668	0.05895	0.00705	0.00731	0.01026	0.00430	0.00438
20	0.01284	0.00659	0.00718	0.00718	0.00840	0.00659	0.00511	0.01479	0.01356	0.02299	0.02138	0.02769	0.01803	0.08301	0.01175	0.13159	0.00414	0.00692	0.58441	0.00583
21	0.01387	0.00681	0.00695	0.00683	0.00861	0.00676	0.00515	0.01717	0.01511	0.04838	0.02338	0.02647	0.01823	0.00831	0.00505	0.00168	0.00341	0.00665	0.76436	0.00681
22	0.09450	0.01526	0.02017	0.07779	0.02317	0.01661	0.12015	0.19030	0.17237	0.03073	0.03771	0.04319	0.01737	0.00899	0.00709	0.00229	0.00728	0.03099	0.07430	0.00973
23	0.02707	0.01995	0.02137	0.01638	0.02208	0.02208	0.01353	0.68159	0.03348	0.04488	0.01710	0.01710	0.01211	0.00855	0.00712	0.00214	0.00784	0.00641	0.00712	0.01211
24	0.23320	0.03656	0.10032	0.01434	0.01866	0.05543	0.08929	0.01956	0.04492	0.02416	0.08235	0.04672	0.01901	0.01551	0.09969	0.04362	0.00894	0.03529	0.00454	0.00789
25	0.01004	0.00750	0.01117	0.01131	0.01251	0.00863	0.00870	0.01247	0.01164	0.01667	0.02084	0.09064	0.02036	0.05069	0.65928	0.01070	0.01777	0.00873	0.00406	0.00631
26	0.02796	0.01290	0.01641	0.01293	0.01796	0.01219	0.01056	0.11345	0.08150	0.50095	0.09223	0.02637	0.02212	0.00941	0.00728	0.00222	0.00598	0.00770	0.00837	0.01152
27	0.08383	0.01410	0.01997	0.51233	0.05833	0.03450	0.01732	0.05507	0.09382	0.02222	0.01451	0.01892	0.01093	0.00743	0.00688	0.00233	0.00867	0.00627	0.00397	0.00860
