[name]
unknown

[dist]
# distance from previous block
# <min> <max>
0	61

[block]
# block no. 0 follows, 30 sequences, length 10
# corresponding to MSA columns:
# 66-75
name=unknown_A
#
# <colnr> <probs for GDERKNQSTAVLIFYWHMCP>
#	G	D	E	R	K	N	Q	S	T	A	V	L	I	F	Y	W	H	M	C	P
0	0.01292	0.00876	0.01243	0.04840	0.05153	0.00865	0.01121	0.01591	0.01602	0.08072	0.03616	0.13251	0.08095	0.01723	0.00898	0.00293	0.00619	0.43511	0.00631	0.00709
1	0.00850	0.00607	0.00810	0.00972	0.01012	0.00567	0.00648	0.00972	0.01336	0.01781	0.03846	0.75020	0.04615	0.02186	0.00891	0.00283	0.00405	0.01984	0.00648	0.00567
2	0.00997	0.00748	0.01121	0.01121	0.01246	0.00872	0.00872	0.01246	0.01121	0.01620	0.01869	0.02741	0.01745	0.05234	0.72710	0.01121	0.01869	0.00748	0.00374	0.00623
3	0.80405	0.01350	0.01026	0.00918	0.01350	0.01565	0.00756	0.02051	0.01188	0.03131	0.00972	0.01134	0.00756	0.00648	0.00432	0.00216	0.00540	0.00378	0.00432	0.00756
4	0.38458	0.01444	0.09931	0.01145	0.04110	0.01278	0.00996	0.02112	0.01399	0.10370	0.01555	0.01717	0.01161	0.00715	0.00515	0.00202	0.00562	0.00511	0.20993	0.00824
5	0.07209	0.60494	0.03204	0.01231	0.01773	0.09406	0.01165	0.02118	0.01444	0.01748	0.01020	0.01205	0.00924	0.00816	0.03633	0.00199	0.00831	0.00397	0.00317	0.00866
6	0.00848	0.00616	0.00801	0.00949	0.01006	0.00569	0.00638	0.00974	0.01358	0.01790	0.04127	0.69074	0.10380	0.02150	0.00885	0.00279	0.00400	0.01939	0.00648	0.00569
7	0.12585	0.01298	0.06067	0.01125	0.01544	0.01153	0.00958	0.10211	0.05122	0.15855	0.07553	0.09949	0.12565	0.01101	0.00685	0.00216	0.00544	0.00899	0.04696	0.05874
8	0.01785	0.22538	0.34689	0.01555	0.02307	0.01837	0.01770	0.08014	0.01663	0.08673	0.01440	0.01576	0.01070	0.00692	0.00596	0.00195	0.00830	0.00516	0.07265	0.00989
9	0.01402	0.00771	0.01170	0.12650	0.01629	0.00802	0.00864	0.01318	0.01161	0.08260	0.05772	0.02300	0.01557	0.01932	0.02083	0.54155	0.00639	0.00659	0.00388	0.00488

[dist]
# distance from previous block
# <min> <max>
0	6

[block]
# block no. 1 follows, 30 sequences, length 20
# corresponding to MSA columns:
# 82-101
name=unknown_B
#
# <colnr> <probs for GDERKNQSTAVLIFYWHMCP>
#	G	D	E	R	K	N	Q	S	T	A	V	L	I	F	Y	W	H	M	C	P
0	0.01412	0.01296	0.01927	0.19364	0.09612	0.01560	0.01515	0.01692	0.01306	0.01863	0.01456	0.02471	0.01374	0.01198	0.03331	0.03080	0.27140	0.08863	0.00366	0.09175
1	0.01695	0.01303	0.01522	0.01104	0.01712	0.01054	0.00890	0.08198	0.01664	0.08010	0.01402	0.01543	0.01103	0.00575	0.00549	0.00122	0.00547	0.00457	0.00476	0.66076
2	0.35237	0.12722	0.01912	0.06330	0.13015	0.04287	0.01210	0.02151	0.01410	0.08122	0.01311	0.01691	0.01079	0.00736	0.00612	0.00212	0.03287	0.03382	0.00427	0.00867
3	0.01113	0.00789	0.00958	0.00921	0.01134	0.00734	0.00707	0.01488	0.06013	0.06289	0.36568	0.08717	0.23673	0.01535	0.00824	0.00236	0.00393	0.06497	0.00721	0.00691
4	0.01916	0.01504	0.01812	0.06377	0.02095	0.01678	0.04872	0.24828	0.25067	0.04634	0.02111	0.02301	0.01631	0.04675	0.08497	0.00338	0.00824	0.00725	0.03107	0.01006
5	0.01097	0.00833	0.01045	0.01050	0.01183	0.00862	0.00773	0.03668	0.03973	0.04086	0.12677	0.38517	0.16106	0.01779	0.01000	0.00263	0.08266	0.01524	0.00637	0.00663
6	0.01653	0.22010	0.46906	0.01744	0.02613	0.01972	0.02089	0.09268	0.01652	0.02297	0.01225	0.01404	0.00919	0.00665	0.00611	0.00201	0.00930	0.00491	0.00339	0.01013
7	0.01195	0.01074	0.01692	0.31910	0.02845	0.01256	0.04410	0.01534	0.01465	0.01975	0.14607	0.11768	0.06610	0.01354	0.04438	0.00288	0.09432	0.00970	0.00460	0.00716
8	0.01647	0.01882	0.04118	0.02941	0.03647	0.01765	0.68588	0.02235	0.01647	0.02235	0.01412	0.01882	0.01059	0.00588	0.00824	0.00235	0.01176	0.00824	0.00353	0.00941
9	0.01814	0.04114	0.01936	0.09039	0.02162	0.01616	0.06875	0.18933	0.09167	0.07019	0.02119	0.08625	0.04106	0.04625	0.01049	0.00255	0.09932	0.00823	0.04885	0.00908
10	0.25146	0.23371	0.04076	0.05582	0.01918	0.05929	0.01177	0.05478	0.10717	0.02419	0.01283	0.01448	0.01039	0.00739	0.00679	0.00206	0.07012	0.00486	0.00417	0.00877
11	0.34405	0.01373	0.01573	0.05874	0.01865	0.01590	0.04326	0.02362	0.11732	0.10789	0.04482	0.01823	0.01380	0.00845	0.00859	0.00236	0.12522	0.00591	0.00507	0.00867
12	0.01626	0.01235	0.01465	0.01056	0.01667	0.00940	0.00848	0.01932	0.01506	0.09655	0.01401	0.01546	0.01107	0.00554	0.00536	0.00115	0.00525	0.00444	0.00461	0.71379
13	0.00975	0.00713	0.00915	0.00864	0.01035	0.00653	0.00648	0.01292	0.01945	0.02725	0.65669	0.05333	0.11715	0.01454	0.00823	0.00221	0.00331	0.01279	0.00759	0.00653
14	0.01857	0.01528	0.04064	0.03464	0.04776	0.05365	0.01147	0.16835	0.20754	0.08120	0.14818	0.04666	0.05065	0.01018	0.00722	0.00220	0.00621	0.00844	0.03145	0.00973
15	0.00967	0.00656	0.00775	0.00823	0.00835	0.00644	0.00489	0.01002	0.01109	0.01478	0.02681	0.25181	0.03145	0.54031	0.02773	0.00562	0.00597	0.01298	0.00489	0.00465
16	0.01387	0.01177	0.01369	0.01031	0.01574	0.00930	0.00813	0.01774	0.05236	0.02292	0.04830	0.05474	0.04507	0.00716	0.00573	0.00130	0.00498	0.00594	0.00467	0.64629
17	0.02025	0.17723	0.02362	0.03535	0.13835	0.03588	0.01335	0.23828	0.04242	0.05242	0.01644	0.07448	0.01405	0.00825	0.00640	0.00193	0.00724	0.00664	0.00510	0.08231
18	0.01736	0.01174	0.01427	0.01059	0.01614	0.00920	0.00849	0.02040	0.01614	0.16253	0.08945	0.02034	0.01764	0.00683	0.00587	0.00138	0.00512	0.00562	0.00542	0.55547
19	0.11533	0.03676	0.01619	0.06489	0.01872	0.06744	0.01097	0.25026	0.02081	0.02932	0.04671	0.10756	0.07261	0.01067	0.00785	0.00223	0.05576	0.00826	0.04896	0.00871

[dist]
# distance from previous block
# <min> <max>
0	2

[block]
# block no. 2 follows, 30 sequences, length 29
# corresponding to MSA columns:
# 104-132
name=unknown_C
#
# <colnr> <probs for GDERKNQSTAVLIFYWHMCP>
#	G	D	E	R	K	N	Q	S	T	A	V	L	I	F	Y	W	H	M	C	P
0	0.05885	0.05484	0.06164	0.18886	0.02815	0.01722	0.08606	0.11879	0.19261	0.09460	0.01851	0.01980	0.01352	0.00776	0.00686	0.00223	0.00780	0.00663	0.00530	0.00995
1	0.04804	0.01510	0.01682	0.01345	0.01814	0.01598	0.01088	0.32639	0.11651	0.20024	0.02428	0.02409	0.05516	0.04277	0.00821	0.00236	0.00645	0.00727	0.03715	0.01073
2	0.01341	0.01264	0.02134	0.69927	0.08500	0.01556	0.01949	0.01803	0.01406	0.01811	0.01244	0.01853	0.00940	0.00693	0.00697	0.00231	0.00925	0.00620	0.00312	0.00794
3	0.01601	0.01368	0.01615	0.25501	0.02633	0.07330	0.01236	0.09690	0.01684	0.02356	0.01505	0.01868	0.01179	0.00838	0.02832	0.00209	0.00751	0.00569	0.16255	0.18980
4	0.01010	0.00753	0.00943	0.00889	0.01072	0.00706	0.00668	0.01407	0.05394	0.02714	0.60992	0.05229	0.12718	0.01436	0.00817	0.00222	0.00343	0.01259	0.00753	0.00674
5	0.01461	0.01217	0.01344	0.01291	0.01576	0.01365	0.00982	0.02837	0.47378	0.02563	0.03162	0.22525	0.02912	0.01339	0.00774	0.00254	0.00518	0.04882	0.00689	0.00932
6	0.00941	0.00711	0.00868	0.00829	0.01014	0.00639	0.00622	0.01227	0.01865	0.02537	0.52523	0.05643	0.24979	0.01524	0.00824	0.00224	0.00336	0.01322	0.00734	0.00639
7	0.01277	0.00777	0.01025	0.00927	0.01142	0.00708	0.00708	0.01598	0.01978	0.12081	0.61580	0.04830	0.05929	0.01351	0.00807	0.00219	0.00365	0.01186	0.00781	0.00730
8	0.01340	0.01263	0.02133	0.70057	0.08376	0.01556	0.01949	0.01802	0.01406	0.01810	0.01244	0.01853	0.00940	0.00694	0.00697	0.00231	0.00925	0.00620	0.00312	0.00793
9	0.03131	0.01188	0.01619	0.01242	0.01781	0.01026	0.01026	0.03401	0.01997	0.71606	0.02753	0.02375	0.01727	0.00864	0.00702	0.00216	0.00594	0.00702	0.00864	0.01188
10	0.01447	0.01240	0.01447	0.01034	0.01654	0.00930	0.00827	0.01757	0.01447	0.02274	0.01240	0.01447	0.01034	0.00517	0.00517	0.00103	0.00517	0.00413	0.00413	0.79742
11	0.01124	0.00803	0.01124	0.01285	0.01446	0.00803	0.01124	0.01446	0.01606	0.02088	0.03695	0.07871	0.04016	0.01928	0.00964	0.00321	0.00643	0.66426	0.00643	0.00643
12	0.80405	0.01350	0.01026	0.00918	0.01350	0.01565	0.00756	0.02051	0.01188	0.03131	0.00972	0.01134	0.00756	0.00648	0.00432	0.00216	0.00540	0.00378	0.00432	0.00756
13	0.02653	0.01955	0.02094	0.01606	0.02164	0.02164	0.01326	0.68796	0.03281	0.04398	0.01675	0.01675	0.01187	0.00838	0.00698	0.00209	0.00768	0.00628	0.00698	0.01187
14	0.80405	0.01350	0.01026	0.00918	0.01350	0.01565	0.00756	0.02051	0.01188	0.03131	0.00972	0.01134	0.00756	0.00648	0.00432	0.00216	0.00540	0.00378	0.00432	0.00756
15	0.01727	0.01658	0.02832	0.04283	0.71123	0.01658	0.02142	0.02142	0.01589	0.02280	0.01313	0.01727	0.01105	0.00622	0.00691	0.00207	0.00829	0.00622	0.00345	0.01105
16	0.01736	0.01499	0.01578	0.01420	0.01815	0.01736	0.01105	0.03708	0.69862	0.02919	0.02840	0.02604	0.02130	0.00947	0.00710	0.00237	0.00552	0.00789	0.00710	0.01105
17	0.01736	0.01499	0.01578	0.01420	0.01815	0.01736	0.01105	0.03708	0.69862	0.02919	0.02840	0.02604	0.02130	0.00947	0.00710	0.00237	0.00552	0.00789	0.00710	0.01105
18	0.03131	0.01188	0.01619	0.01242	0.01781	0.01026	0.01026	0.03401	0.01997	0.71606	0.02753	0.02375	0.01727	0.00864	0.00702	0.00216	0.00594	0.00702	0.00864	0.01188
19	0.00850	0.00607	0.00810	0.00972	0.01012	0.00567	0.00648	0.00972	0.01336	0.01781	0.03846	0.75020	0.04615	0.02186	0.00891	0.00283	0.00405	0.01984	0.00648	0.00567
20	0.00857	0.00667	0.00781	0.00860	0.01002	0.00592	0.00616	0.01022	0.01492	0.01883	0.07822	0.37182	0.35666	0.01949	0.00861	0.00261	0.00390	0.04861	0.00652	0.00584
21	0.01560	0.12012	0.13485	0.25127	0.16458	0.05178	0.01807	0.01994	0.01464	0.01986	0.01278	0.01683	0.01020	0.00704	0.00727	0.00210	0.05075	0.00563	0.06781	0.00888
22	0.01212	0.00606	0.00909	0.00909	0.00909	0.00606	0.00606	0.00909	0.00909	0.01212	0.01212	0.02121	0.01212	0.02424	0.02727	0.79697	0.00606	0.00606	0.00303	0.00303
23	0.00850	0.00607	0.00810	0.00972	0.01012	0.00567	0.00648	0.00972	0.01336	0.01781	0.03846	0.75020	0.04615	0.02186	0.00891	0.00283	0.00405	0.01984	0.00648	0.00567
24	0.13645	0.01669	0.06098	0.17426	0.18278	0.01674	0.11320	0.10222	0.05513	0.05432	0.01445	0.01744	0.01090	0.00693	0.00673	0.00221	0.00835	0.00621	0.00433	0.00969
25	0.05059	0.04530	0.35269	0.04302	0.02476	0.05691	0.01851	0.07779	0.03625	0.11100	0.01516	0.01673	0.01095	0.00763	0.00771	0.00219	0.06454	0.00560	0.04278	0.00990
26	0.02282	0.01082	0.03564	0.01102	0.01499	0.00903	0.00892	0.02513	0.01750	0.44203	0.06222	0.06989	0.09808	0.12555	0.01169	0.00293	0.00573	0.00920	0.00738	0.00943
27	0.00865	0.00635	0.00813	0.00937	0.01018	0.00584	0.00647	0.01014	0.01424	0.01874	0.08762	0.58368	0.14265	0.02067	0.00879	0.00273	0.00400	0.03939	0.00656	0.00579
28	0.05797	0.16489	0.06012	0.10915	0.04363	0.05876	0.04405	0.02026	0.01410	0.06844	0.01333	0.01683	0.01089	0.00972	0.03585	0.00251	0.17307	0.00563	0.08239	0.00840

[dist]
# distance from previous block
# <min> <max>
0	2

[block]
# block no. 3 follows, 30 sequences, length 27
# corresponding to MSA columns:
# 135-161
name=unknown_D
#
# <colnr> <probs for GDERKNQSTAVLIFYWHMCP>
#	G	D	E	R	K	N	Q	S	T	A	V	L	I	F	Y	W	H	M	C	P
0	0.01822	0.01614	0.05910	0.01559	0.04035	0.01417	0.08653	0.13569	0.11967	0.06870	0.01664	0.01771	0.01260	0.00675	0.00635	0.00172	0.00681	0.00580	0.00517	0.34630
1	0.01857	0.61596	0.05445	0.01263	0.01814	0.09412	0.01217	0.02088	0.01469	0.01675	0.01178	0.05995	0.01140	0.00715	0.00501	0.00163	0.00783	0.00491	0.00327	0.00870
2	0.01612	0.01207	0.01589	0.07087	0.12584	0.01265	0.01214	0.02434	0.22674	0.10849	0.05074	0.06464	0.11615	0.01175	0.00766	0.00242	0.00602	0.09999	0.00624	0.00924
3	0.02653	0.01955	0.02094	0.01606	0.02164	0.02164	0.01326	0.68796	0.03281	0.04398	0.01675	0.01675	0.01187	0.00838	0.00698	0.00209	0.00768	0.00628	0.00698	0.01187
4	0.01784	0.00889	0.01188	0.01013	0.01317	0.00795	0.00795	0.02091	0.01983	0.28360	0.45492	0.04159	0.04780	0.01217	0.00778	0.00218	0.00428	0.01054	0.00804	0.00855
5	0.00856	0.00621	0.00809	0.00947	0.01009	0.00574	0.00640	0.00993	0.01391	0.01847	0.07875	0.65980	0.09659	0.02112	0.00882	0.00276	0.00397	0.01905	0.00655	0.00574
6	0.00957	0.00712	0.00890	0.00846	0.01024	0.00645	0.00634	0.01258	0.01903	0.02627	0.58773	0.05495	0.18673	0.01491	0.00823	0.00223	0.00334	0.01302	0.00746	0.00645
7	0.00959	0.00707	0.00896	0.00859	0.01027	0.00644	0.00640	0.01257	0.01891	0.02623	0.58753	0.08879	0.15248	0.01511	0.00827	0.00225	0.00336	0.01327	0.00746	0.00644
8	0.02653	0.01955	0.02094	0.01606	0.02164	0.02164	0.01326	0.68796	0.03281	0.04398	0.01675	0.01675	0.01187	0.00838	0.00698	0.00209	0.00768	0.00628	0.00698	0.01187
9	0.01301	0.00650	0.00650	0.00650	0.00813	0.00650	0.00488	0.01626	0.01463	0.02602	0.02276	0.02602	0.01789	0.00813	0.00488	0.00163	0.00325	0.00650	0.79350	0.00650
10	0.01318	0.01240	0.02093	0.73798	0.04806	0.01550	0.01938	0.01783	0.01395	0.01783	0.01240	0.01860	0.00930	0.00698	0.00698	0.00233	0.00930	0.00620	0.00310	0.00775
11	0.01348	0.01271	0.02148	0.68621	0.09745	0.01558	0.01953	0.01810	0.01410	0.01820	0.01246	0.01851	0.00943	0.00692	0.00697	0.00231	0.00923	0.00620	0.00313	0.00800
12	0.02653	0.01955	0.02094	0.01606	0.02164	0.02164	0.01326	0.68796	0.03281	0.04398	0.01675	0.01675	0.01187	0.00838	0.00698	0.00209	0.00768	0.00628	0.00698	0.01187
13	0.01015	0.00677	0.00761	0.00761	0.00761	0.00677	0.00423	0.01015	0.01015	0.01353	0.02199	0.04567	0.02537	0.75476	0.03552	0.00677	0.00677	0.01015	0.00423	0.00423
14	0.01736	0.01499	0.01578	0.01420	0.01815	0.01736	0.01105	0.03708	0.69862	0.02919	0.02840	0.02604	0.02130	0.00947	0.00710	0.00237	0.00552	0.00789	0.00710	0.01105
15	0.01778	0.02162	0.07342	0.18414	0.03280	0.19164	0.24562	0.02199	0.01590	0.01935	0.01220	0.01654	0.00962	0.00727	0.00916	0.00229	0.10036	0.00640	0.00335	0.00856
16	0.01925	0.01593	0.01685	0.01458	0.01887	0.01824	0.01150	0.17165	0.56096	0.03225	0.02599	0.02412	0.01935	0.00924	0.00708	0.00231	0.00597	0.00756	0.00708	0.01122
17	0.00850	0.00607	0.00810	0.00972	0.01012	0.00567	0.00648	0.00972	0.01336	0.01781	0.03846	0.75020	0.04615	0.02186	0.00891	0.00283	0.00405	0.01984	0.00648	0.00567
18	0.02550	0.01284	0.01592	0.01263	0.01698	0.01277	0.01027	0.16962	0.02100	0.39917	0.02576	0.02534	0.05486	0.04555	0.00939	0.00240	0.05617	0.00734	0.06602	0.01048
19	0.14834	0.05253	0.11309	0.20315	0.08260	0.01531	0.03467	0.02378	0.06363	0.15502	0.01656	0.01937	0.01222	0.00749	0.00648	0.00222	0.00772	0.02168	0.00473	0.00942
20	0.01365	0.01288	0.02178	0.65843	0.12396	0.01563	0.01961	0.01824	0.01418	0.01840	0.01249	0.01845	0.00950	0.00689	0.00697	0.00230	0.00919	0.00620	0.00314	0.00813
21	0.00978	0.00672	0.00784	0.00822	0.00853	0.00657	0.00506	0.01027	0.01141	0.01503	0.02894	0.17721	0.07488	0.53608	0.02759	0.00558	0.00604	0.04466	0.00490	0.00471
22	0.02508	0.05916	0.02253	0.06656	0.02408	0.31192	0.10103	0.05994	0.01936	0.21857	0.01635	0.01713	0.01172	0.00741	0.00674	0.00201	0.00986	0.00587	0.00513	0.00955
23	0.02034	0.28070	0.08842	0.15778	0.05119	0.10064	0.01498	0.05952	0.01680	0.12750	0.01389	0.01560	0.01054	0.00692	0.00599	0.00191	0.00847	0.00517	0.00419	0.00943
24	0.07772	0.11255	0.04536	0.01318	0.01867	0.01579	0.01148	0.19260	0.02167	0.36017	0.04709	0.02032	0.01577	0.00822	0.00653	0.00206	0.00659	0.00634	0.00695	0.01094
25	0.64876	0.01467	0.05225	0.01202	0.06016	0.01520	0.00951	0.02100	0.01271	0.05533	0.01125	0.01293	0.00861	0.00661	0.00474	0.00214	0.00581	0.00424	0.03399	0.00807
26	0.00867	0.00627	0.00824	0.00975	0.01036	0.00584	0.00671	0.01005	0.01371	0.01808	0.04048	0.66114	0.08923	0.02142	0.00891	0.00283	0.00417	0.06194	0.00647	0.00573

[dist]
# distance from previous block
# <min> <max>
0	1

[block]
# block no. 4 follows, 30 sequences, length 6
# corresponding to MSA columns:
# 163-168
name=unknown_E
#
# <colnr> <probs for GDERKNQSTAVLIFYWHMCP>
#	G	D	E	R	K	N	Q	S	T	A	V	L	I	F	Y	W	H	M	C	P
0	0.50710	0.16064	0.07169	0.01090	0.01613	0.01746	0.01013	0.02214	0.01340	0.09991	0.01181	0.01289	0.00896	0.00662	0.00482	0.00203	0.00624	0.00422	0.00441	0.00850
1	0.01015	0.00677	0.00761	0.00761	0.00761	0.00677	0.00423	0.01015	0.01015	0.01353	0.02199	0.04567	0.02537	0.75476	0.03552	0.00677	0.00677	0.01015	0.00423	0.00423
2	0.11698	0.00912	0.01069	0.00952	0.01230	0.00888	0.00741	0.01884	0.05178	0.14475	0.40427	0.04016	0.07587	0.01192	0.00730	0.00217	0.00413	0.01009	0.04603	0.00779
3	0.01849	0.01736	0.01630	0.01469	0.01859	0.10938	0.01136	0.03589	0.61056	0.02762	0.02612	0.02429	0.01970	0.00917	0.00700	0.00229	0.00644	0.00745	0.00665	0.01066
4	0.00997	0.00748	0.01121	0.01121	0.01246	0.00872	0.00872	0.01246	0.01121	0.01620	0.01869	0.02741	0.01745	0.05234	0.72710	0.01121	0.01869	0.00748	0.00374	0.00623
5	0.00929	0.00649	0.00778	0.00849	0.00883	0.00622	0.00528	0.00995	0.01197	0.01578	0.03271	0.35315	0.08451	0.38244	0.02196	0.00473	0.00535	0.01469	0.00537	0.00498

[dist]
# distance from previous block
# <min> <max>
0	36

[block]
# block no. 5 follows, 30 sequences, length 8
# corresponding to MSA columns:
# 205-212
name=unknown_F
#
# <colnr> <probs for GDERKNQSTAVLIFYWHMCP>
#	G	D	E	R	K	N	Q	S	T	A	V	L	I	F	Y	W	H	M	C	P
0	0.02040	0.26592	0.02381	0.01370	0.01873	0.02123	0.01174	0.15914	0.29842	0.06766	0.01978	0.01909	0.01506	0.00803	0.00619	0.00201	0.00662	0.00613	0.00578	0.01055
1	0.02591	0.01643	0.01835	0.01433	0.01944	0.01753	0.01175	0.43973	0.07419	0.19545	0.02050	0.01974	0.01424	0.00849	0.00683	0.00209	0.00678	0.00658	0.07026	0.01138
2	0.05600	0.17128	0.10001	0.06939	0.02185	0.01881	0.01355	0.12539	0.21407	0.06121	0.01848	0.02005	0.01430	0.00801	0.00634	0.00208	0.00710	0.02567	0.00527	0.04114
3	0.02111	0.19088	0.05463	0.01934	0.07733	0.21197	0.08915	0.09307	0.05674	0.04893	0.01332	0.01525	0.01065	0.00733	0.00749	0.00200	0.06178	0.00549	0.00412	0.00943
4	0.00997	0.00748	0.01121	0.01121	0.01246	0.00872	0.00872	0.01246	0.01121	0.01620	0.01869	0.02741	0.01745	0.05234	0.72710	0.01121	0.01869	0.00748	0.00374	0.00623
5	0.01075	0.00867	0.00940	0.00879	0.01133	0.00821	0.00671	0.05807	0.08369	0.02384	0.22634	0.05603	0.43170	0.01540	0.00805	0.00230	0.00394	0.01297	0.00688	0.00696
6	0.01040	0.00768	0.01012	0.01138	0.01307	0.00740	0.00963	0.01316	0.01584	0.02023	0.04430	0.12471	0.18397	0.01912	0.00929	0.00300	0.00563	0.47837	0.00644	0.00626
7	0.06636	0.17260	0.02162	0.12495	0.05554	0.13581	0.01312	0.02590	0.16043	0.08820	0.01771	0.02111	0.01425	0.00814	0.00636	0.00209	0.00789	0.04388	0.00482	0.00922

[dist]
# distance from previous block
# <min> <max>
0	3

[block]
# block no. 6 follows, 30 sequences, length 17
# corresponding to MSA columns:
# 216-232
name=unknown_G
#
# <colnr> <probs for GDERKNQSTAVLIFYWHMCP>
#	G	D	E	R	K	N	Q	S	T	A	V	L	I	F	Y	W	H	M	C	P
0	0.01072	0.00788	0.00980	0.00944	0.00963	0.00880	0.00623	0.01129	0.01038	0.01433	0.01996	0.03923	0.02222	0.55740	0.14198	0.00702	0.09547	0.00925	0.00401	0.00494
1	0.01475	0.01376	0.02089	0.31531	0.11666	0.01711	0.01687	0.04298	0.05213	0.01960	0.01313	0.01854	0.01092	0.01233	0.07095	0.00323	0.22256	0.00638	0.00355	0.00834
2	0.01318	0.01240	0.02093	0.73798	0.04806	0.01550	0.01938	0.01783	0.01395	0.01783	0.01240	0.01860	0.00930	0.00698	0.00698	0.00233	0.00930	0.00620	0.00310	0.00775
3	0.00850	0.00607	0.00810	0.00972	0.01012	0.00567	0.00648	0.00972	0.01336	0.01781	0.03846	0.75020	0.04615	0.02186	0.00891	0.00283	0.00405	0.01984	0.00648	0.00567
4	0.00848	0.00656	0.00761	0.00842	0.00968	0.00583	0.00583	0.00987	0.01433	0.01805	0.05203	0.40669	0.34180	0.05893	0.01003	0.00283	0.00396	0.01703	0.00636	0.00569
5	0.00962	0.00712	0.00897	0.00851	0.01027	0.00647	0.00638	0.01267	0.01914	0.02654	0.60679	0.05450	0.16750	0.01481	0.00823	0.00222	0.00333	0.01295	0.00749	0.00647
6	0.01647	0.01882	0.04118	0.02941	0.03647	0.01765	0.68588	0.02235	0.01647	0.02235	0.01412	0.01882	0.01059	0.00588	0.00824	0.00235	0.01176	0.00824	0.00353	0.00941
7	0.00883	0.00690	0.00800	0.00813	0.00988	0.00607	0.00594	0.01098	0.01667	0.02162	0.27160	0.19196	0.37377	0.01736	0.00837	0.00239	0.00355	0.01501	0.00687	0.00607
8	0.01400	0.03610	0.71860	0.01989	0.03020	0.01621	0.02578	0.02210	0.01473	0.02210	0.01252	0.01473	0.00884	0.00663	0.00663	0.00221	0.01031	0.00516	0.00295	0.01031
9	0.02653	0.01955	0.02094	0.01606	0.02164	0.02164	0.01326	0.68796	0.03281	0.04398	0.01675	0.01675	0.01187	0.00838	0.00698	0.00209	0.00768	0.00628	0.00698	0.01187
10	0.00850	0.00607	0.00810	0.00972	0.01012	0.00567	0.00648	0.00972	0.01336	0.01781	0.03846	0.75020	0.04615	0.02186	0.00891	0.00283	0.00405	0.01984	0.00648	0.00567
11	0.01517	0.01515	0.02211	0.05889	0.02095	0.02011	0.05464	0.01723	0.01144	0.01753	0.00983	0.01562	0.00932	0.01113	0.02009	0.00285	0.61422	0.00612	0.00315	0.05445
12	0.01318	0.01240	0.02093	0.73798	0.04806	0.01550	0.01938	0.01783	0.01395	0.01783	0.01240	0.01860	0.00930	0.00698	0.00698	0.00233	0.00930	0.00620	0.00310	0.00775
13	0.00950	0.00712	0.00880	0.00838	0.01019	0.00642	0.00629	0.01244	0.01886	0.02587	0.55990	0.05561	0.21481	0.01506	0.00823	0.00223	0.00335	0.01311	0.00740	0.00642
14	0.22259	0.28817	0.11194	0.01305	0.01903	0.02087	0.01271	0.14843	0.01756	0.07011	0.01252	0.01352	0.00966	0.00681	0.00534	0.00191	0.00724	0.00461	0.00444	0.00950
15	0.01676	0.11777	0.13888	0.03883	0.04655	0.06016	0.01364	0.10558	0.01706	0.02336	0.01609	0.05781	0.03838	0.00786	0.00679	0.00179	0.03681	0.00606	0.00423	0.24559
16	0.07064	0.10594	0.08866	0.01790	0.07334	0.28981	0.01427	0.11775	0.04486	0.02370	0.05359	0.01644	0.01327	0.00773	0.00686	0.00198	0.03433	0.00548	0.00433	0.00913

[dist]
# distance from previous block
# <min> <max>
0	2

[block]
# block no. 7 follows, 30 sequences, length 105
# corresponding to MSA columns:
# 235-339
name=unknown_H
#
# <colnr> <probs for GDERKNQSTAVLIFYWHMCP>
#	G	D	E	R	K	N	Q	S	T	A	V	L	I	F	Y	W	H	M	C	P
0	0.09109	0.25500	0.02445	0.01526	0.01928	0.31478	0.01271	0.05699	0.01676	0.01945	0.01044	0.01261	0.00902	0.00748	0.00782	0.00192	0.10841	0.00450	0.00357	0.00844
1	0.06299	0.12793	0.02165	0.09138	0.02284	0.32163	0.01334	0.09889	0.01888	0.09207	0.01302	0.01473	0.01012	0.00755	0.00719	0.00198	0.05544	0.00509	0.00435	0.00893
2	0.00997	0.00748	0.01121	0.01121	0.01246	0.00872	0.00872	0.01246	0.01121	0.01620	0.01869	0.02741	0.01745	0.05234	0.72710	0.01121	0.01869	0.00748	0.00374	0.00623
3	0.01849	0.73297	0.06109	0.01223	0.01835	0.02720	0.01244	0.02094	0.01420	0.01662	0.00980	0.01132	0.00895	0.00599	0.00455	0.00152	0.00757	0.00378	0.00298	0.00900
4	0.00929	0.00711	0.00852	0.00817	0.01007	0.00634	0.00613	0.01204	0.01838	0.02471	0.47945	0.05751	0.29598	0.01549	0.00824	0.00225	0.00338	0.01337	0.00725	0.00634
5	0.00859	0.00618	0.00815	0.00955	0.01012	0.00574	0.00644	0.00997	0.01391	0.01858	0.08730	0.67590	0.07137	0.02117	0.00883	0.00277	0.00398	0.01914	0.00656	0.00574
6	0.00932	0.00711	0.00856	0.00820	0.01008	0.00635	0.00615	0.01209	0.01844	0.02487	0.49066	0.05725	0.28467	0.01543	0.00824	0.00225	0.00337	0.01334	0.00727	0.00635
7	0.00878	0.00628	0.00837	0.00967	0.01029	0.00587	0.00663	0.01036	0.01438	0.01940	0.13703	0.62817	0.04888	0.02067	0.00883	0.00275	0.00400	0.03715	0.00665	0.00582
8	0.01866	0.75896	0.03657	0.01194	0.01791	0.02761	0.01194	0.02090	0.01418	0.01642	0.00970	0.01119	0.00896	0.00597	0.00448	0.00149	0.00746	0.00373	0.00299	0.00896
9	0.01400	0.03610	0.71860	0.01989	0.03020	0.01621	0.02578	0.02210	0.01473	0.02210	0.01252	0.01473	0.00884	0.00663	0.00663	0.00221	0.01031	0.00516	0.00295	0.01031
10	0.01047	0.00793	0.00975	0.00916	0.01111	0.00761	0.00691	0.01528	0.08861	0.02717	0.57260	0.05101	0.12756	0.01413	0.00812	0.00223	0.00354	0.01235	0.00750	0.00697
11	0.01124	0.00803	0.01124	0.01285	0.01446	0.00803	0.01124	0.01446	0.01606	0.02088	0.03695	0.07871	0.04016	0.01928	0.00964	0.00321	0.00643	0.66426	0.00643	0.00643
12	0.02653	0.01955	0.02094	0.01606	0.02164	0.02164	0.01326	0.68796	0.03281	0.04398	0.01675	0.01675	0.01187	0.00838	0.00698	0.00209	0.00768	0.00628	0.00698	0.01187
13	0.01460	0.01236	0.01328	0.01225	0.01547	0.01370	0.00940	0.02863	0.47685	0.02685	0.11591	0.08025	0.12703	0.01199	0.00751	0.00237	0.00488	0.01018	0.00704	0.00944
14	0.00903	0.00680	0.00824	0.00874	0.01008	0.00618	0.00629	0.01095	0.01561	0.02045	0.20578	0.28559	0.25247	0.06792	0.01038	0.00282	0.00404	0.05612	0.00661	0.00590
15	0.49260	0.01502	0.01314	0.01125	0.01575	0.05970	0.00912	0.07012	0.08521	0.14627	0.01516	0.01537	0.01098	0.00732	0.00536	0.00215	0.00610	0.00496	0.00546	0.00896
16	0.01647	0.01882	0.04118	0.02941	0.03647	0.01765	0.68588	0.02235	0.01647	0.02235	0.01412	0.01882	0.01059	0.00588	0.00824	0.00235	0.01176	0.00824	0.00353	0.00941
17	0.00884	0.00622	0.00800	0.00928	0.00960	0.00589	0.00601	0.00981	0.01270	0.01693	0.03506	0.60485	0.04187	0.17307	0.01440	0.00365	0.00461	0.01784	0.00601	0.00537
18	0.01002	0.00728	0.01021	0.01021	0.01111	0.00818	0.00748	0.01182	0.01092	0.01546	0.01961	0.03248	0.01965	0.24731	0.53514	0.00998	0.01538	0.00822	0.00387	0.00567
19	0.02653	0.01955	0.02094	0.01606	0.02164	0.02164	0.01326	0.68796	0.03281	0.04398	0.01675	0.01675	0.01187	0.00838	0.00698	0.00209	0.00768	0.00628	0.00698	0.01187
20	0.01455	0.01270	0.01517	0.01115	0.01672	0.01053	0.00898	0.01749	0.01408	0.02213	0.01207	0.01455	0.01022	0.00589	0.00698	0.00124	0.08033	0.00434	0.00402	0.71685
21	0.01736	0.01499	0.01578	0.01420	0.01815	0.01736	0.01105	0.03708	0.69862	0.02919	0.02840	0.02604	0.02130	0.00947	0.00710	0.00237	0.00552	0.00789	0.00710	0.01105
22	0.01116	0.00798	0.01113	0.01260	0.01421	0.00794	0.01095	0.01438	0.01629	0.02133	0.07879	0.07706	0.04176	0.01896	0.00955	0.00315	0.00623	0.62359	0.00650	0.00644
23	0.05714	0.01445	0.02426	0.24435	0.20677	0.01551	0.13127	0.02137	0.06487	0.05224	0.06810	0.02119	0.01545	0.00750	0.00751	0.00226	0.02526	0.00708	0.00421	0.00919
24	0.01517	0.01514	0.02621	0.19378	0.19140	0.01737	0.15012	0.01896	0.01385	0.01951	0.01241	0.01796	0.01043	0.01078	0.05555	0.00301	0.20968	0.00666	0.00329	0.00873
25	0.00869	0.00627	0.00830	0.00974	0.01032	0.00578	0.00653	0.00997	0.01340	0.01797	0.03764	0.72693	0.04502	0.02133	0.00879	0.00278	0.00408	0.01934	0.00640	0.03071
26	0.10803	0.01731	0.01645	0.11299	0.02103	0.17340	0.01202	0.09686	0.04015	0.05417	0.04970	0.01902	0.01417	0.00856	0.00852	0.00215	0.11089	0.00600	0.12028	0.00830
27	0.01549	0.01694	0.13741	0.30347	0.11379	0.01453	0.10604	0.02028	0.01515	0.08667	0.01680	0.09185	0.01407	0.00834	0.00727	0.00232	0.00882	0.00775	0.00404	0.00896
28	0.01253	0.00811	0.01043	0.00949	0.01166	0.00763	0.00724	0.01679	0.06214	0.09825	0.59580	0.04760	0.05811	0.01339	0.00804	0.00220	0.00370	0.01175	0.00774	0.00740
29	0.01837	0.71385	0.07913	0.01244	0.01868	0.02690	0.01280	0.02097	0.01421	0.01677	0.00988	0.01141	0.00895	0.00601	0.00461	0.00154	0.00764	0.00382	0.00298	0.00904
30	0.07047	0.09250	0.04369	0.01361	0.01881	0.07909	0.01158	0.15028	0.08669	0.30942	0.02064	0.01945	0.01425	0.00806	0.00647	0.00205	0.00701	0.00614	0.02909	0.01070
31	0.01127	0.00729	0.01014	0.01066	0.01202	0.00671	0.02877	0.01297	0.01453	0.08949	0.03886	0.55181	0.09093	0.01950	0.00870	0.00274	0.00463	0.06590	0.00660	0.00649
32	0.00916	0.00649	0.00861	0.01005	0.01063	0.00620	0.00709	0.01060	0.01351	0.01791	0.03647	0.55730	0.04292	0.09784	0.01181	0.00331	0.00475	0.13343	0.00623	0.00565
33	0.01545	0.01093	0.01336	0.01244	0.01501	0.01184	0.00980	0.06359	0.19833	0.09628	0.11464	0.12646	0.03083	0.03719	0.07846	0.00349	0.04528	0.10161	0.00654	0.00847
34	0.01651	0.01552	0.02013	0.43855	0.06297	0.08863	0.01674	0.11632	0.04183	0.02211	0.01500	0.06348	0.01244	0.00836	0.00753	0.00228	0.03208	0.00695	0.00408	0.00850
35	0.00867	0.00614	0.00805	0.00950	0.00987	0.00578	0.00625	0.00976	0.01303	0.01738	0.03678	0.67833	0.04403	0.09663	0.01162	0.00324	0.00433	0.01885	0.00625	0.00552
36	0.00847	0.00621	0.00796	0.00935	0.01003	0.00570	0.00632	0.00976	0.01371	0.01796	0.04289	0.65632	0.13717	0.02129	0.00882	0.00277	0.00398	0.01914	0.00648	0.00570
37	0.01559	0.01465	0.02187	0.52584	0.09678	0.04848	0.03955	0.07872	0.05080	0.02122	0.01364	0.01844	0.01031	0.00714	0.00699	0.00226	0.00911	0.00628	0.00371	0.00862
38	0.05217	0.01530	0.01888	0.11845	0.08875	0.06479	0.04723	0.02804	0.27942	0.10100	0.04230	0.02248	0.01705	0.01015	0.03525	0.00262	0.03369	0.00707	0.00557	0.00979
39	0.01439	0.00806	0.00853	0.03564	0.01105	0.00839	0.00629	0.08484	0.01646	0.02753	0.02175	0.02479	0.01694	0.00811	0.00517	0.00170	0.00394	0.00647	0.68284	0.00710
40	0.01581	0.01310	0.01745	0.11661	0.02261	0.01132	0.05248	0.04908	0.01563	0.05809	0.01347	0.01591	0.01062	0.00579	0.00580	0.00141	0.00633	0.00493	0.00430	0.55926
41	0.01422	0.01363	0.02217	0.44997	0.08702	0.03781	0.08769	0.01881	0.04065	0.01865	0.01345	0.01917	0.01067	0.01084	0.05372	0.04314	0.04057	0.00650	0.00338	0.00796
42	0.00881	0.00709	0.00785	0.00766	0.00977	0.00613	0.00574	0.01110	0.01723	0.02200	0.29030	0.06197	0.48682	0.01650	0.00824	0.00230	0.00345	0.01400	0.00689	0.00613
43	0.00867	0.00704	0.00769	0.00762	0.00971	0.00606	0.00568	0.01080	0.01677	0.02112	0.23053	0.09278	0.51719	0.01699	0.00827	0.00234	0.00350	0.01441	0.00678	0.00606
44	0.02752	0.01120	0.01506	0.01205	0.01672	0.00991	0.00974	0.03075	0.04571	0.58844	0.05798	0.09917	0.02247	0.01026	0.00727	0.00224	0.00562	0.00860	0.00832	0.01098
45	0.01124	0.00803	0.01124	0.01285	0.01446	0.00803	0.01124	0.01446	0.01606	0.02088	0.03695	0.07871	0.04016	0.01928	0.00964	0.00321	0.00643	0.66426	0.00643	0.00643
46	0.01866	0.75896	0.03657	0.01194	0.01791	0.02761	0.01194	0.02090	0.01418	0.01642	0.00970	0.01119	0.00896	0.00597	0.00448	0.00149	0.00746	0.00373	0.00299	0.00896
47	0.03131	0.01188	0.01619	0.01242	0.01781	0.01026	0.01026	0.03401	0.01997	0.71606	0.02753	0.02375	0.01727	0.00864	0.00702	0.00216	0.00594	0.00702	0.00864	0.01188
48	0.01736	0.01499	0.01578	0.01420	0.01815	0.01736	0.01105	0.03708	0.69862	0.02919	0.02840	0.02604	0.02130	0.00947	0.00710	0.00237	0.00552	0.00789	0.00710	0.01105
49	0.01710	0.00909	0.01111	0.00960	0.01294	0.00803	0.00755	0.02022	0.04474	0.26784	0.18761	0.04704	0.30210	0.01344	0.00776	0.00225	0.00441	0.01129	0.00752	0.00835
50	0.02607	0.03326	0.01978	0.01798	0.02157	0.72674	0.01348	0.02787	0.01978	0.01708	0.01079	0.01258	0.00899	0.00719	0.00629	0.00180	0.01258	0.00449	0.00360	0.00809
51	0.02883	0.01512	0.01697	0.01352	0.01860	0.08519	0.01096	0.09643	0.09325	0.50735	0.02488	0.02218	0.01634	0.00855	0.00695	0.00214	0.00674	0.00678	0.00780	0.01140
52	0.01636	0.01905	0.07181	0.02660	0.03347	0.01722	0.55567	0.02369	0.08745	0.02307	0.01546	0.01920	0.01161	0.00627	0.00792	0.00230	0.01078	0.00788	0.00390	0.04031
53	0.00872	0.00617	0.00803	0.00943	0.00978	0.00582	0.00617	0.00977	0.01293	0.01724	0.03624	0.65519	0.04335	0.12069	0.01250	0.00336	0.00441	0.01853	0.00617	0.00547
54	0.00949	0.00712	0.00879	0.00837	0.01019	0.00642	0.00628	0.01242	0.01884	0.02582	0.55698	0.05568	0.21776	0.01507	0.00823	0.00223	0.00335	0.01312	0.00740	0.00642
55	0.01793	0.45402	0.20028	0.01747	0.09190	0.07524	0.01639	0.02176	0.01490	0.01850	0.01082	0.01278	0.00914	0.00625	0.00538	0.00175	0.00862	0.00439	0.00307	0.00944
56	0.00957	0.00674	0.00849	0.00942	0.01001	0.00655	0.00650	0.01076	0.01277	0.01685	0.03355	0.33611	0.07065	0.27782	0.03788	0.00447	0.00577	0.12516	0.00561	0.00532
57	0.00886	0.00641	0.00829	0.00965	0.01033	0.00600	0.00670	0.01026	0.01367	0.01795	0.04032	0.57027	0.10771	0.06896	0.01065	0.00308	0.00442	0.08446	0.00633	0.00567
58	0.02301	0.01121	0.01439	0.08520	0.01852	0.01102	0.00999	0.08982	0.04185	0.35430	0.05308	0.02442	0.01832	0.00859	0.00653	0.00204	0.00564	0.00701	0.20520	0.00985
59	0.18085	0.13340	0.07748	0.01262	0.01745	0.01696	0.01125	0.17294	0.06668	0.08306	0.01998	0.09351	0.04211	0.03374	0.00720	0.00229	0.00655	0.00728	0.00544	0.00922
60	0.01007	0.00678	0.00868	0.00966	0.01082	0.00624	0.00696	0.01179	0.01464	0.05371	0.06601	0.49150	0.14640	0.01963	0.00866	0.00271	0.00427	0.08724	0.02809	0.00615
61	0.01318	0.01240	0.02093	0.73798	0.04806	0.01550	0.01938	0.01783	0.01395	0.01783	0.01240	0.01860	0.00930	0.00698	0.00698	0.00233	0.00930	0.00620	0.00310	0.00775
62	0.72473	0.01411	0.01135	0.00988	0.01433	0.01627	0.00814	0.08860	0.01401	0.03260	0.01043	0.01189	0.00800	0.00667	0.00459	0.00215	0.00563	0.00403	0.00459	0.00800
63	0.04849	0.16588	0.35683	0.01613	0.02409	0.01676	0.04022	0.02322	0.01537	0.13023	0.01427	0.01545	0.01034	0.00664	0.00610	0.00195	0.00842	0.00512	0.00404	0.09046
64	0.05745	0.04706	0.21676	0.13283	0.17681	0.03343	0.01788	0.04409	0.01525	0.05683	0.01421	0.01920	0.01162	0.08300	0.00945	0.00257	0.00851	0.00601	0.00378	0.04326
65	0.02490	0.03155	0.09123	0.01789	0.02246	0.55174	0.01471	0.12325	0.02116	0.02150	0.01183	0.01341	0.00939	0.00731	0.00643	0.00188	0.01164	0.00482	0.00402	0.00887
66	0.00907	0.00710	0.00821	0.00793	0.00993	0.00624	0.00595	0.01161	0.01785	0.02346	0.39182	0.05958	0.38439	0.01596	0.00824	0.00227	0.00341	0.01366	0.00709	0.00624
67	0.01637	0.01710	0.02121	0.01829	0.01865	0.09333	0.01509	0.01792	0.01161	0.01682	0.00933	0.01499	0.00914	0.01170	0.02121	0.00293	0.66758	0.00594	0.00311	0.00768
68	0.01002	0.00734	0.00945	0.00916	0.01073	0.00694	0.00677	0.01376	0.04957	0.02660	0.58250	0.14934	0.06105	0.01512	0.00827	0.00229	0.00350	0.01342	0.00749	0.00666
69	0.00895	0.00696	0.00813	0.00812	0.00993	0.00614	0.00598	0.01126	0.01714	0.02244	0.32619	0.15231	0.35776	0.01684	0.00833	0.00235	0.00350	0.01455	0.00697	0.00614
70	0.00925	0.00692	0.00861	0.00871	0.01026	0.00628	0.00641	0.01175	0.01740	0.02351	0.39808	0.20304	0.20982	0.01681	0.00842	0.00240	0.00361	0.03538	0.00711	0.00623
71	0.35552	0.01932	0.01388	0.01231	0.01615	0.23701	0.00966	0.09793	0.01713	0.02752	0.01279	0.01452	0.01003	0.00716	0.00532	0.00196	0.00758	0.00469	0.12148	0.00806
72	0.01796	0.17604	0.34023	0.01698	0.02431	0.11410	0.01842	0.07602	0.10891	0.02294	0.01419	0.01542	0.01080	0.00709	0.00625	0.00202	0.00920	0.00524	0.00391	0.00996
73	0.01000	0.00735	0.01056	0.01056	0.01158	0.00837	0.00791	0.01204	0.01102	0.01572	0.01929	0.03073	0.01888	0.17979	0.60162	0.01041	0.01653	0.00796	0.00383	0.00587
74	0.02655	0.01216	0.01557	0.01246	0.01723	0.01145	0.01011	0.05415	0.13520	0.50569	0.09824	0.02686	0.02284	0.00936	0.00716	0.00220	0.00565	0.00772	0.00822	0.01118
75	0.09856	0.01416	0.01616	0.01350	0.01798	0.01486	0.01113	0.24438	0.09954	0.22543	0.02412	0.04773	0.01933	0.01043	0.00721	0.00234	0.00644	0.10923	0.00710	0.01036
76	0.01721	0.08893	0.01779	0.06586	0.01920	0.01343	0.01033	0.08741	0.04660	0.08539	0.08116	0.01963	0.01664	0.00730	0.00652	0.00162	0.02926	0.00576	0.00506	0.37493
77	0.77075	0.01343	0.01051	0.00932	0.01368	0.01542	0.00767	0.02109	0.01222	0.06081	0.01048	0.01187	0.00798	0.00657	0.00443	0.00216	0.00542	0.00392	0.00450	0.00774
78	0.01015	0.00677	0.00761	0.00761	0.00761	0.00677	0.00423	0.01015	0.01015	0.01353	0.02199	0.04567	0.02537	0.75476	0.03552	0.00677	0.00677	0.01015	0.00423	0.00423
79	0.02609	0.01727	0.02035	0.01785	0.09087	0.01830	0.01328	0.46428	0.02786	0.18208	0.01924	0.03829	0.01385	0.00858	0.00703	0.00213	0.00728	0.00680	0.00695	0.01162
80	0.05591	0.09295	0.10090	0.06593	0.09783	0.18615	0.08827	0.08572	0.01812	0.07610	0.01501	0.03774	0.01226	0.00774	0.00669	0.00208	0.00935	0.02756	0.00432	0.00936
81	0.01318	0.01240	0.02093	0.73798	0.04806	0.01550	0.01938	0.01783	0.01395	0.01783	0.01240	0.01860	0.00930	0.00698	0.00698	0.00233	0.00930	0.00620	0.00310	0.00775
82	0.01703	0.01764	0.09777	0.20752	0.02954	0.05598	0.11228	0.11167	0.08369	0.04954	0.08640	0.02210	0.01724	0.00819	0.00755	0.00224	0.02670	0.00715	0.03064	0.00914
83	0.09065	0.00756	0.00755	0.00718	0.00933	0.00765	0.00552	0.01793	0.01475	0.07530	0.02184	0.02444	0.01685	0.00801	0.00498	0.00172	0.00365	0.00628	0.66185	0.00699
84	0.01332	0.01116	0.01358	0.08695	0.04061	0.01230	0.01039	0.02333	0.31315	0.02392	0.08623	0.22139	0.06481	0.01351	0.00779	0.00249	0.00536	0.03478	0.00640	0.00851
85	0.00946	0.00692	0.00803	0.00820	0.00930	0.00645	0.00561	0.01085	0.01413	0.01842	0.15558	0.12741	0.23037	0.29660	0.01872	0.00410	0.00495	0.05369	0.00583	0.00539
86	0.01082	0.00685	0.00923	0.01033	0.01135	0.00639	0.00743	0.01249	0.01448	0.07725	0.05866	0.57854	0.04356	0.02017	0.00882	0.00281	0.00450	0.10331	0.00669	0.00632
87	0.01600	0.03760	0.02019	0.36994	0.03330	0.05878	0.05278	0.06440	0.01671	0.05684	0.08429	0.02099	0.01583	0.00757	0.00681	0.00205	0.00813	0.00655	0.00430	0.11693
88	0.01909	0.11346	0.02306	0.17871	0.13765	0.04408	0.01536	0.14182	0.07385	0.06774	0.01512	0.01768	0.01170	0.00783	0.00813	0.00216	0.07982	0.00602	0.02706	0.00968
89	0.00872	0.00623	0.00835	0.00997	0.01047	0.00586	0.00686	0.01010	0.01358	0.01806	0.03834	0.69603	0.04567	0.02165	0.00897	0.00286	0.00424	0.07183	0.00647	0.00573
90	0.72345	0.01580	0.08252	0.01027	0.01520	0.01571	0.00942	0.02067	0.01217	0.03037	0.01000	0.01168	0.00769	0.00649	0.00455	0.00216	0.00590	0.00392	0.00418	0.00784
91	0.01904	0.01229	0.01553	0.01260	0.01692	0.01196	0.03101	0.02588	0.17746	0.21668	0.09682	0.02670	0.05247	0.01045	0.02830	0.00229	0.04817	0.00754	0.00647	0.18140
92	0.01877	0.38928	0.15366	0.07419	0.02455	0.04870	0.08363	0.02264	0.01531	0.09114	0.01277	0.01456	0.01000	0.00648	0.00578	0.00186	0.00859	0.00502	0.00366	0.00942
93	0.01294	0.00911	0.01088	0.01030	0.01261	0.00906	0.00780	0.03631	0.14225	0.07733	0.27842	0.16023	0.13274	0.03175	0.00869	0.00249	0.00438	0.03792	0.00715	0.00764
94	0.01332	0.00780	0.01025	0.01028	0.01221	0.00689	0.00736	0.01501	0.01469	0.14683	0.03373	0.53977	0.03710	0.01769	0.00817	0.00252	0.00451	0.01584	0.00663	0.08939
95	0.01664	0.01148	0.01814	0.16105	0.04693	0.01154	0.10159	0.02106	0.06441	0.17829	0.05874	0.17871	0.07780	0.01165	0.00772	0.00239	0.00674	0.01060	0.00589	0.00862
96	0.05699	0.04007	0.13474	0.12187	0.02568	0.03919	0.03314	0.18764	0.02074	0.24413	0.01802	0.01841	0.01229	0.00771	0.00676	0.00215	0.00797	0.00613	0.00583	0.01055
97	0.04545	0.01067	0.01454	0.12366	0.02023	0.01053	0.01069	0.02454	0.06207	0.32872	0.12999	0.11147	0.02763	0.01117	0.00744	0.00232	0.00582	0.03669	0.00706	0.00931
98	0.01055	0.00735	0.00942	0.01033	0.01153	0.00710	0.00746	0.01365	0.06769	0.04987	0.08562	0.51027	0.07369	0.01933	0.00869	0.00274	0.00442	0.08707	0.00670	0.00651
99	0.20653	0.03958	0.01893	0.18401	0.13984	0.18965	0.01419	0.03947	0.01593	0.02296	0.03502	0.01626	0.01132	0.00707	0.00607	0.00206	0.00851	0.00536	0.02883	0.00841
100	0.13727	0.01317	0.05366	0.04418	0.01737	0.01155	0.02770	0.05798	0.02793	0.06712	0.01620	0.04020	0.01399	0.09899	0.03954	0.00272	0.00669	0.00613	0.04459	0.27302
101	0.04202	0.07912	0.05592	0.04333	0.01762	0.01340	0.01067	0.09166	0.05706	0.11328	0.07605	0.09932	0.06950	0.03899	0.00869	0.00226	0.04325	0.00839	0.00561	0.12387
102	0.11531	0.05839	0.20489	0.01607	0.04776	0.05450	0.05988	0.07837	0.01650	0.06329	0.03708	0.01771	0.01261	0.02609	0.00746	0.02376	0.00784	0.00565	0.03828	0.10857
103	0.12961	0.08907	0.13867	0.01340	0.01896	0.03776	0.03812	0.10047	0.07035	0.02583	0.05644	0.02434	0.11171	0.00872	0.00634	0.00199	0.00681	0.00686	0.00489	0.10965
104	0.14947	0.08640	0.13656	0.01678	0.07743	0.13304	0.01411	0.04464	0.05590	0.08333	0.01478	0.04354	0.01196	0.00774	0.00682	0.00204	0.04122	0.00568	0.00441	0.06414

[dist]
# distance from previous block
# <min> <max>
2	35

[block]
# block no. 8 follows, 30 sequences, length 41
# corresponding to MSA columns:
# 375-415
name=unknown_I
#
# <colnr> <probs for GDERKNQSTAVLIFYWHMCP>
#	G	D	E	R	K	N	Q	S	T	A	V	L	I	F	Y	W	H	M	C	P
0	0.06471	0.05662	0.11184	0.06164	0.02206	0.10139	0.05042	0.14023	0.01878	0.07756	0.04818	0.03737	0.03800	0.00977	0.03019	0.00235	0.03435	0.00658	0.02247	0.06549
1	0.05322	0.05730	0.12677	0.01373	0.01870	0.03749	0.03601	0.09332	0.01784	0.13100	0.10169	0.12071	0.02259	0.01006	0.00739	0.00210	0.02991	0.00831	0.00557	0.10629
2	0.07749	0.08093	0.05485	0.07101	0.08251	0.05764	0.03437	0.04561	0.18852	0.04327	0.01865	0.07829	0.01577	0.00866	0.00702	0.00211	0.02933	0.00707	0.00493	0.09197
3	0.08004	0.16814	0.16032	0.09698	0.02338	0.01692	0.03573	0.06153	0.05209	0.10821	0.01546	0.01859	0.01215	0.06612	0.00840	0.00237	0.00775	0.00576	0.00443	0.05563
4	0.29054	0.12935	0.13916	0.03497	0.01967	0.03848	0.01280	0.04582	0.07335	0.13343	0.01490	0.01552	0.01090	0.00712	0.00562	0.00208	0.00706	0.00504	0.00482	0.00937
5	0.09228	0.01727	0.01802	0.01474	0.01958	0.01948	0.01191	0.38054	0.28461	0.03722	0.02057	0.01981	0.01508	0.00862	0.00679	0.00220	0.00665	0.00667	0.00679	0.01117
6	0.01015	0.00677	0.00761	0.00761	0.00761	0.00677	0.00423	0.01015	0.01015	0.01353	0.02199	0.04567	0.02537	0.75476	0.03552	0.00677	0.00677	0.01015	0.00423	0.00423
7	0.01015	0.00677	0.00761	0.00761	0.00761	0.00677	0.00423	0.01015	0.01015	0.01353	0.02199	0.04567	0.02537	0.75476	0.03552	0.00677	0.00677	0.01015	0.00423	0.00423
8	0.44560	0.08130	0.01546	0.01151	0.01560	0.01703	0.00964	0.08834	0.03369	0.08779	0.01296	0.01468	0.01008	0.01019	0.05025	0.00273	0.07502	0.00486	0.00476	0.00851
