[name]
unknown

[dist]
# distance from previous block
# <min> <max>
5	33

[block]
# block no. 0 follows, 29 sequences, length 25
# corresponding to MSA columns:
# 36-60
name=unknown_A
#
# <colnr> <probs for GDERKNQSTAVLIFYWHMCP>
#	G	D	E	R	K	N	Q	S	T	A	V	L	I	F	Y	W	H	M	C	P
0	0.06643	0.00794	0.00942	0.00976	0.01124	0.00783	0.00714	0.01376	0.03469	0.04722	0.10031	0.22974	0.11627	0.17546	0.03126	0.00380	0.00552	0.10983	0.00611	0.00626
1	0.01413	0.00843	0.01074	0.00985	0.01235	0.00761	0.00745	0.01731	0.03847	0.15270	0.33732	0.17175	0.12368	0.01477	0.00814	0.00233	0.00417	0.01290	0.00750	0.03842
2	0.01610	0.01199	0.01481	0.01135	0.01617	0.01039	0.00911	0.01909	0.01594	0.10486	0.12882	0.02236	0.02069	0.00796	0.00784	0.00160	0.07873	0.00621	0.00525	0.49071
3	0.02345	0.01754	0.01834	0.01523	0.01985	0.06472	0.01220	0.24281	0.30589	0.13943	0.02310	0.02184	0.01671	0.00912	0.00774	0.00228	0.03427	0.00709	0.00706	0.01134
4	0.70304	0.05884	0.03849	0.01019	0.01490	0.03649	0.00884	0.02123	0.01259	0.03029	0.01005	0.01172	0.00789	0.00661	0.00456	0.00215	0.00602	0.00393	0.00425	0.00792
5	0.01871	0.02335	0.17389	0.13408	0.03129	0.09848	0.16845	0.14121	0.07129	0.02571	0.01484	0.01763	0.01106	0.00743	0.00775	0.00228	0.03182	0.00652	0.00431	0.00990
6	0.01064	0.00821	0.00933	0.00911	0.01121	0.00766	0.00676	0.07539	0.01815	0.02352	0.19878	0.21801	0.34231	0.01735	0.00844	0.00246	0.00408	0.01494	0.00693	0.00670
7	0.00866	0.00626	0.00819	0.00974	0.01028	0.00580	0.00653	0.00994	0.01380	0.01825	0.04142	0.70030	0.09049	0.02203	0.00904	0.00286	0.00410	0.01990	0.00661	0.00580
8	0.28874	0.01682	0.01650	0.01357	0.01847	0.01904	0.01105	0.31539	0.17033	0.03717	0.01725	0.01728	0.01271	0.00813	0.00622	0.00222	0.00656	0.00590	0.00622	0.01043
9	0.07272	0.01616	0.01577	0.01360	0.01786	0.08734	0.01072	0.10608	0.31350	0.13985	0.02948	0.02767	0.09837	0.00995	0.00708	0.00227	0.00644	0.00791	0.00686	0.01034
10	0.00847	0.00700	0.00744	0.00779	0.00977	0.00596	0.00567	0.01015	0.01567	0.01901	0.06508	0.21369	0.56183	0.01895	0.00856	0.00251	0.00372	0.01615	0.00661	0.00596
11	0.01404	0.02976	0.51065	0.22860	0.03615	0.01633	0.02440	0.02128	0.01480	0.02128	0.01274	0.01619	0.00916	0.00687	0.00687	0.00229	0.01022	0.00557	0.00305	0.00976
12	0.01219	0.13211	0.09755	0.01129	0.01473	0.01153	0.01046	0.01594	0.01820	0.02512	0.43334	0.04493	0.04794	0.01283	0.00774	0.00224	0.00526	0.08271	0.00634	0.00754
13	0.02516	0.01670	0.01838	0.01698	0.08470	0.09841	0.01236	0.14471	0.11746	0.27604	0.02190	0.02123	0.01542	0.00855	0.00742	0.00216	0.03035	0.00670	0.06445	0.01092
14	0.02382	0.01506	0.01650	0.01309	0.01761	0.01606	0.01067	0.40168	0.02636	0.13270	0.02038	0.02079	0.01463	0.00851	0.00652	0.00201	0.00630	0.00658	0.23018	0.01055
15	0.01558	0.01558	0.02181	0.01869	0.01869	0.02181	0.01558	0.01714	0.01091	0.01714	0.00935	0.01558	0.00935	0.01246	0.02337	0.00312	0.73672	0.00623	0.00312	0.00779
16	0.01785	0.07027	0.02156	0.52206	0.04002	0.01563	0.01719	0.02198	0.01557	0.16657	0.01575	0.01952	0.01121	0.00740	0.00693	0.00227	0.00861	0.00631	0.00437	0.00891
17	0.01684	0.01222	0.01633	0.19681	0.02422	0.01428	0.01269	0.02439	0.18511	0.11212	0.02056	0.02316	0.01571	0.01324	0.07743	0.00322	0.09421	0.00703	0.12148	0.00895
18	0.00927	0.00658	0.00850	0.00980	0.01035	0.00626	0.00671	0.01054	0.01347	0.01781	0.03734	0.52450	0.06655	0.14842	0.01387	0.00362	0.00487	0.08971	0.00620	0.00562
19	0.01030	0.00712	0.00884	0.00884	0.00921	0.00749	0.00566	0.01105	0.01067	0.01460	0.02145	0.04115	0.02352	0.54612	0.23664	0.00823	0.01046	0.00956	0.00417	0.00491
20	0.01882	0.59884	0.11551	0.01336	0.01984	0.02583	0.01382	0.06770	0.01601	0.01971	0.02800	0.01329	0.01078	0.00656	0.00510	0.00167	0.00787	0.00439	0.00345	0.00945
21	0.07360	0.00870	0.00986	0.00929	0.01040	0.00918	0.00624	0.07583	0.01290	0.01851	0.02096	0.03669	0.04213	0.43353	0.10585	0.09953	0.00806	0.00882	0.00446	0.00547
22	0.00993	0.00686	0.00776	0.00795	0.00829	0.00667	0.00471	0.01029	0.01143	0.01496	0.03029	0.13094	0.10850	0.57796	0.02977	0.00590	0.00619	0.01207	0.00486	0.00469
23	0.02102	0.01625	0.02343	0.08174	0.23025	0.01712	0.06252	0.21577	0.06601	0.10620	0.01761	0.01983	0.01326	0.01119	0.06283	0.00292	0.00898	0.00681	0.00541	0.01085
24	0.01767	0.01593	0.02723	0.29543	0.05228	0.01717	0.22597	0.10056	0.08917	0.06240	0.01632	0.01989	0.01199	0.00728	0.00754	0.00234	0.00947	0.00722	0.00452	0.00960

[dist]
# distance from previous block
# <min> <max>
3	6

[block]
# block no. 1 follows, 29 sequences, length 157
# corresponding to MSA columns:
# 67-223
name=unknown_B
#
# <colnr> <probs for GDERKNQSTAVLIFYWHMCP>
#	G	D	E	R	K	N	Q	S	T	A	V	L	I	F	Y	W	H	M	C	P
0	0.30275	0.09685	0.03801	0.01208	0.01668	0.06602	0.01030	0.18098	0.04215	0.03122	0.01452	0.01590	0.01118	0.00744	0.00548	0.00201	0.00663	0.00513	0.12566	0.00901
1	0.01029	0.00729	0.01001	0.10051	0.01536	0.00744	0.00854	0.01251	0.01421	0.01981	0.03328	0.47107	0.03727	0.01796	0.00829	0.00268	0.00494	0.08572	0.12657	0.00627
2	0.01017	0.00763	0.01144	0.01144	0.01272	0.00890	0.00890	0.01272	0.01144	0.01653	0.01907	0.02797	0.01780	0.05340	0.72153	0.01144	0.01907	0.00763	0.00381	0.00636
3	0.11058	0.20720	0.04895	0.06616	0.02285	0.01857	0.08495	0.09667	0.03903	0.21340	0.01705	0.01755	0.01222	0.00736	0.00630	0.00206	0.00763	0.00588	0.00542	0.01019
4	0.02265	0.01227	0.01546	0.01274	0.01668	0.01240	0.01026	0.08189	0.12380	0.32886	0.19661	0.03072	0.02977	0.01064	0.00864	0.00230	0.05760	0.00862	0.00778	0.01031
5	0.01773	0.02012	0.10360	0.08521	0.03558	0.01762	0.48158	0.06998	0.01778	0.05659	0.01494	0.01887	0.01094	0.00648	0.00799	0.00236	0.01107	0.00772	0.00401	0.00985
6	0.01039	0.00695	0.00789	0.00795	0.00801	0.00695	0.00456	0.01051	0.01056	0.01407	0.02296	0.04776	0.02641	0.72449	0.03533	0.00678	0.00689	0.03274	0.00439	0.00439
7	0.01894	0.72128	0.03752	0.01298	0.01912	0.02772	0.04193	0.02139	0.01457	0.01702	0.01010	0.01177	0.00921	0.00609	0.00474	0.00156	0.00781	0.00401	0.00307	0.00916
8	0.01722	0.00905	0.01159	0.01061	0.01374	0.00806	0.00860	0.01986	0.01814	0.25369	0.13829	0.07354	0.22494	0.01490	0.00831	0.00251	0.00503	0.14614	0.00752	0.00828
9	0.00868	0.00620	0.00826	0.00991	0.01033	0.00578	0.00661	0.00991	0.01363	0.01818	0.03925	0.74510	0.04710	0.02231	0.00909	0.00289	0.00413	0.02024	0.00661	0.00578
10	0.00865	0.00631	0.00815	0.00962	0.01025	0.00581	0.00648	0.00995	0.01392	0.01829	0.04282	0.67150	0.11839	0.02184	0.00902	0.00284	0.00407	0.01968	0.00661	0.00581
11	0.80005	0.01377	0.01047	0.00936	0.01377	0.01597	0.00771	0.02093	0.01212	0.03195	0.00991	0.01157	0.00771	0.00661	0.00441	0.00220	0.00551	0.00386	0.00441	0.00771
12	0.02208	0.01703	0.01827	0.01510	0.01985	0.01910	0.01211	0.32779	0.35247	0.05577	0.04686	0.02314	0.01884	0.00930	0.00723	0.00228	0.00656	0.00745	0.00726	0.01152
13	0.01017	0.00763	0.01144	0.01144	0.01272	0.00890	0.00890	0.01272	0.01144	0.01653	0.01907	0.02797	0.01780	0.05340	0.72153	0.01144	0.01907	0.00763	0.00381	0.00636
14	0.01282	0.00668	0.00681	0.00681	0.00821	0.00668	0.00488	0.01563	0.01423	0.02459	0.02311	0.02963	0.01943	0.12235	0.00979	0.00247	0.00387	0.00721	0.66853	0.00628
15	0.02663	0.03289	0.02027	0.01820	0.02202	0.66891	0.01374	0.07725	0.02117	0.01948	0.01146	0.01316	0.00939	0.00743	0.00647	0.00186	0.01247	0.00472	0.00393	0.00854
16	0.01926	0.01495	0.01615	0.01429	0.01848	0.01692	0.01118	0.03750	0.61936	0.10381	0.02889	0.02631	0.02129	0.00957	0.00724	0.00239	0.00568	0.00795	0.00742	0.01136
17	0.00865	0.00628	0.00818	0.00969	0.01027	0.00580	0.00651	0.00994	0.01385	0.01826	0.04196	0.68931	0.10114	0.02196	0.00903	0.00285	0.00409	0.01981	0.00661	0.00580
18	0.02259	0.01880	0.01878	0.01563	0.02038	0.07295	0.01248	0.32651	0.34532	0.03563	0.02228	0.02127	0.01646	0.00898	0.00713	0.00225	0.00717	0.00705	0.00692	0.01142
19	0.00907	0.00632	0.00820	0.00951	0.00984	0.00600	0.00618	0.00998	0.01293	0.01724	0.03551	0.59977	0.04236	0.15461	0.01450	0.02366	0.00469	0.01809	0.00610	0.00545
20	0.01182	0.00885	0.01070	0.00984	0.01204	0.00867	0.00748	0.06985	0.06862	0.02873	0.51357	0.07653	0.11706	0.01433	0.00824	0.00228	0.00394	0.01248	0.00758	0.00739
21	0.01515	0.01501	0.02237	0.52613	0.13669	0.06680	0.01929	0.01935	0.01466	0.01876	0.01237	0.01807	0.00971	0.00747	0.00840	0.00236	0.06956	0.00620	0.00325	0.00840
22	0.01036	0.00690	0.00777	0.00777	0.00777	0.00690	0.00431	0.01036	0.01036	0.01381	0.02244	0.04660	0.02589	0.74975	0.03624	0.00690	0.00690	0.01036	0.00431	0.00431
23	0.00868	0.00620	0.00826	0.00991	0.01033	0.00578	0.00661	0.00991	0.01363	0.01818	0.03925	0.74510	0.04710	0.02231	0.00909	0.00289	0.00413	0.02024	0.00661	0.00578
24	0.01443	0.05901	0.69197	0.02004	0.03043	0.01690	0.02587	0.02251	0.01502	0.02237	0.01269	0.01492	0.00902	0.00674	0.00670	0.00223	0.01043	0.00522	0.00301	0.01048
25	0.01218	0.00973	0.01131	0.01169	0.01351	0.01041	0.00842	0.02075	0.27715	0.02268	0.03526	0.46618	0.03725	0.01740	0.00837	0.00271	0.00472	0.01551	0.00686	0.00791
26	0.80005	0.01377	0.01047	0.00936	0.01377	0.01597	0.00771	0.02093	0.01212	0.03195	0.00991	0.01157	0.00771	0.00661	0.00441	0.00220	0.00551	0.00386	0.00441	0.00771
27	0.00868	0.00620	0.00826	0.00991	0.01033	0.00578	0.00661	0.00991	0.01363	0.01818	0.03925	0.74510	0.04710	0.02231	0.00909	0.00289	0.00413	0.02024	0.00661	0.00578
28	0.02723	0.01968	0.02121	0.01626	0.02195	0.02169	0.01343	0.65987	0.03304	0.06722	0.01747	0.01734	0.01229	0.00856	0.00712	0.00214	0.00778	0.00644	0.00718	0.01211
29	0.00994	0.00727	0.00933	0.00881	0.01055	0.00666	0.00661	0.01317	0.01983	0.02779	0.64967	0.05445	0.11958	0.01484	0.00840	0.00225	0.00338	0.01305	0.00774	0.00666
30	0.03169	0.01253	0.01678	0.01286	0.01838	0.01107	0.01063	0.06845	0.02106	0.67555	0.02752	0.02386	0.01734	0.00880	0.00716	0.00220	0.00615	0.00712	0.00873	0.01212
31	0.01327	0.00664	0.00664	0.00664	0.00830	0.00664	0.00498	0.01659	0.01493	0.02655	0.02323	0.02655	0.01825	0.00830	0.00498	0.00166	0.00332	0.00664	0.78928	0.00664
32	0.00986	0.00736	0.00922	0.00902	0.01086	0.00672	0.00695	0.01287	0.01888	0.02570	0.48984	0.05954	0.20514	0.01588	0.00856	0.00239	0.00376	0.08347	0.00743	0.00654
33	0.01327	0.00664	0.00664	0.00664	0.00830	0.00664	0.00498	0.01659	0.01493	0.02655	0.02323	0.02655	0.01825	0.00830	0.00498	0.00166	0.00332	0.00664	0.78928	0.00664
34	0.01571	0.01319	0.01437	0.01304	0.01645	0.01482	0.01008	0.03143	0.51591	0.02946	0.20562	0.03356	0.03367	0.01095	0.00755	0.00237	0.00504	0.00932	0.00740	0.01008
35	0.01682	0.01610	0.02746	0.17576	0.57953	0.01671	0.02145	0.02115	0.01584	0.02229	0.01325	0.01788	0.01094	0.00649	0.00706	0.00216	0.00866	0.00634	0.00346	0.01063
36	0.01305	0.00764	0.00927	0.00878	0.00961	0.00757	0.00559	0.01367	0.01173	0.10156	0.02278	0.04176	0.02397	0.58096	0.10714	0.00681	0.00812	0.00966	0.00483	0.00552
37	0.01477	0.01266	0.01477	0.01055	0.01687	0.00949	0.00844	0.01793	0.01477	0.02320	0.01266	0.01477	0.01055	0.00527	0.00527	0.00105	0.00527	0.00422	0.00422	0.79328
38	0.01488	0.12689	0.62803	0.01928	0.02924	0.01800	0.02454	0.02240	0.01496	0.02182	0.01242	0.01458	0.00903	0.00668	0.00649	0.00216	0.01016	0.00508	0.00301	0.01035
39	0.00866	0.00625	0.00821	0.00977	0.01029	0.00580	0.00654	0.00993	0.01378	0.01824	0.04105	0.70808	0.08296	0.02207	0.00905	0.00287	0.00410	0.01996	0.00661	0.00580
40	0.11267	0.09700	0.01971	0.06727	0.07692	0.12693	0.01259	0.06059	0.04146	0.21927	0.01940	0.04489	0.01532	0.00881	0.00666	0.00217	0.00773	0.04522	0.00568	0.00974
41	0.01017	0.00763	0.01144	0.01144	0.01272	0.00890	0.00890	0.01272	0.01144	0.01653	0.01907	0.02797	0.01780	0.05340	0.72153	0.01144	0.01907	0.00763	0.00381	0.00636
42	0.01509	0.00956	0.01227	0.01179	0.01441	0.00948	0.00961	0.02090	0.12201	0.13115	0.26899	0.05388	0.04368	0.01466	0.00852	0.00261	0.00521	0.23052	0.00746	0.00819
43	0.02215	0.11257	0.07945	0.13744	0.02657	0.41035	0.01561	0.02507	0.01767	0.03879	0.01174	0.01436	0.00947	0.00739	0.00716	0.00199	0.04504	0.00500	0.00359	0.00858
44	0.01586	0.22473	0.40846	0.07151	0.10214	0.01964	0.02158	0.02184	0.01495	0.02077	0.01207	0.01463	0.00933	0.00656	0.00623	0.00205	0.00945	0.00507	0.00308	0.01005
45	0.80005	0.01377	0.01047	0.00936	0.01377	0.01597	0.00771	0.02093	0.01212	0.03195	0.00991	0.01157	0.00771	0.00661	0.00441	0.00220	0.00551	0.00386	0.00441	0.00771
46	0.01606	0.01222	0.01520	0.16682	0.02290	0.01346	0.01177	0.02616	0.28872	0.09923	0.08335	0.03555	0.12767	0.01113	0.00759	0.00241	0.00607	0.03797	0.00646	0.00928
47	0.00903	0.00724	0.00806	0.00786	0.00999	0.00627	0.00589	0.01140	0.01767	0.02266	0.30373	0.06288	0.46871	0.01675	0.00841	0.00234	0.00352	0.01424	0.00706	0.00627
48	0.01681	0.01921	0.04202	0.03001	0.03721	0.01801	0.67947	0.02281	0.01681	0.02281	0.01441	0.01921	0.01080	0.00600	0.00840	0.00240	0.01200	0.00840	0.00360	0.00960
49	0.01036	0.00690	0.00777	0.00777	0.00777	0.00690	0.00431	0.01036	0.01036	0.01381	0.02244	0.04660	0.02589	0.74975	0.03624	0.00690	0.00690	0.01036	0.00431	0.00431
50	0.01400	0.03012	0.53026	0.02110	0.10109	0.01507	0.02281	0.02107	0.01595	0.02355	0.11880	0.02118	0.01821	0.00792	0.00705	0.00224	0.00920	0.00655	0.00381	0.01002
51	0.01019	0.00755	0.00953	0.00899	0.01082	0.00703	0.00676	0.01399	0.04306	0.02774	0.62040	0.05368	0.12405	0.01471	0.00836	0.00226	0.00346	0.01291	0.00771	0.00681
52	0.01790	0.01587	0.02907	0.02193	0.02648	0.01653	0.33116	0.02180	0.01576	0.12670	0.02148	0.02441	0.08672	0.00942	0.01209	0.00256	0.19801	0.00837	0.00460	0.00913
53	0.01743	0.02006	0.03499	0.02603	0.03195	0.12484	0.50387	0.02227	0.01698	0.02148	0.01659	0.09720	0.01450	0.00798	0.00817	0.00237	0.01128	0.00910	0.00394	0.00898
54	0.01477	0.01266	0.01477	0.01055	0.01687	0.00949	0.00844	0.01793	0.01477	0.02320	0.01266	0.01477	0.01055	0.00527	0.00527	0.00105	0.00527	0.00422	0.00422	0.79328
55	0.01259	0.00911	0.01185	0.01269	0.01461	0.00922	0.01065	0.08632	0.01780	0.02328	0.03724	0.17921	0.06830	0.01881	0.00936	0.00305	0.00618	0.45608	0.00663	0.00701
56	0.00884	0.00735	0.00781	0.00804	0.01034	0.00632	0.00626	0.01085	0.01625	0.01953	0.06732	0.07018	0.61003	0.01826	0.00861	0.00253	0.00402	0.10477	0.00660	0.00609
57	0.03195	0.01212	0.01652	0.01267	0.01818	0.01047	0.01047	0.03470	0.02038	0.71026	0.02809	0.02424	0.01763	0.00881	0.00716	0.00220	0.00606	0.00716	0.00881	0.01212
58	0.01390	0.01312	0.02218	0.65769	0.12044	0.01594	0.02000	0.01859	0.01445	0.01874	0.01274	0.01884	0.00969	0.00703	0.00711	0.00234	0.00938	0.00633	0.00320	0.00828
59	0.02055	0.47119	0.11796	0.01431	0.02085	0.02511	0.01431	0.19487	0.01953	0.02487	0.01215	0.01337	0.00990	0.00682	0.00552	0.00178	0.00804	0.00467	0.00411	0.01009
60	0.59577	0.12984	0.01565	0.01077	0.01536	0.09457	0.00906	0.02181	0.01336	0.02803	0.01003	0.01168	0.00809	0.00661	0.00465	0.00206	0.00663	0.00393	0.00412	0.00799
61	0.01387	0.01103	0.01281	0.00988	0.01484	0.00865	0.00771	0.01685	0.01467	0.02317	0.01718	0.09603	0.01571	0.00759	0.00564	0.00135	0.00485	0.00633	0.12524	0.58660
62	0.01529	0.02132	0.20419	0.01962	0.02270	0.02026	0.04799	0.01881	0.01225	0.01881	0.01047	0.01560	0.00933	0.01068	0.01834	0.00286	0.51371	0.00607	0.00311	0.00859
63	0.01655	0.01205	0.01542	0.01147	0.01700	0.00958	0.03837	0.01981	0.01647	0.12040	0.12088	0.02220	0.02026	0.00723	0.00616	0.00146	0.00539	0.00615	0.00539	0.52776
64	0.01887	0.00988	0.01279	0.01055	0.01436	0.00848	0.00832	0.02181	0.01897	0.28266	0.28666	0.06397	0.06996	0.01144	0.00748	0.00208	0.00471	0.00979	0.00754	0.12967
65	0.01932	0.38917	0.23144	0.01556	0.02275	0.06442	0.01662	0.12367	0.01789	0.02281	0.01191	0.01343	0.00956	0.00674	0.00571	0.00185	0.00881	0.00468	0.00370	0.00995
66	0.01627	0.01775	0.03677	0.16131	0.11208	0.01748	0.48605	0.02185	0.01627	0.02201	0.01397	0.01899	0.01061	0.00625	0.00802	0.00236	0.01115	0.00780	0.00351	0.00947
67	0.01477	0.01266	0.01477	0.01055	0.01687	0.00949	0.00844	0.01793	0.01477	0.02320	0.01266	0.01477	0.01055	0.00527	0.00527	0.00105	0.00527	0.00422	0.00422	0.79328
68	0.01369	0.01065	0.01202	0.01077	0.01362	0.01092	0.00832	0.11990	0.14497	0.02895	0.31517	0.06828	0.18691	0.01373	0.00802	0.00231	0.00455	0.01170	0.00731	0.00820
69	0.01400	0.01318	0.01849	0.01629	0.01658	0.01786	0.01328	0.01567	0.01099	0.01676	0.01245	0.02056	0.01242	0.07422	0.18025	0.00525	0.52432	0.00684	0.00336	0.00722
70	0.02118	0.02412	0.01796	0.01643	0.01948	0.38596	0.01250	0.02781	0.19816	0.02078	0.01872	0.09644	0.01667	0.01010	0.00861	0.00223	0.08185	0.00738	0.00489	0.00875
71	0.01019	0.00755	0.01104	0.01104	0.01218	0.00868	0.00840	0.01246	0.01133	0.01623	0.01944	0.03000	0.01868	0.12916	0.64698	0.01095	0.01775	0.00793	0.00387	0.00614
72	0.01081	0.00794	0.01055	0.01171	0.01349	0.00768	0.00999	0.01383	0.01667	0.02153	0.09865	0.07596	0.16230	0.01895	0.00946	0.00304	0.00576	0.48853	0.00667	0.00647
73	0.01613	0.01264	0.01416	0.01275	0.01610	0.01379	0.01003	0.08965	0.35231	0.04914	0.21748	0.03831	0.05536	0.01190	0.00778	0.00240	0.00523	0.05788	0.00737	0.00959
74	0.01762	0.01692	0.02890	0.04371	0.70533	0.01692	0.02185	0.02185	0.01621	0.02326	0.01339	0.01762	0.01128	0.00634	0.00705	0.00211	0.00846	0.00634	0.00352	0.01128
75	0.01473	0.01428	0.01864	0.33265	0.08708	0.09090	0.01540	0.04063	0.01562	0.01981	0.04971	0.11225	0.04882	0.01231	0.04045	0.00280	0.06319	0.00861	0.00421	0.00789
76	0.00925	0.00681	0.00801	0.00837	0.00984	0.00605	0.00595	0.01031	0.01490	0.01882	0.11558	0.22706	0.37298	0.01979	0.01157	0.12410	0.00411	0.01475	0.00619	0.00557
77	0.01942	0.27047	0.15192	0.01503	0.02071	0.07668	0.01471	0.14583	0.04858	0.02465	0.01390	0.01564	0.01109	0.00762	0.00718	0.00197	0.06334	0.00526	0.07637	0.00964
78	0.01407	0.01346	0.02325	0.62166	0.11922	0.01605	0.05442	0.01883	0.01459	0.01898	0.01283	0.01885	0.00975	0.00698	0.00718	0.00235	0.00951	0.00644	0.00323	0.00836
79	0.01558	0.01386	0.02055	0.54425	0.04141	0.01679	0.01779	0.09338	0.12066	0.02288	0.01565	0.01995	0.01166	0.00767	0.00714	0.00235	0.00872	0.00660	0.00422	0.00888
80	0.02568	0.01928	0.01936	0.01563	0.02071	0.09545	0.01261	0.37289	0.17518	0.13722	0.02068	0.01978	0.01473	0.00870	0.00708	0.00218	0.00763	0.00668	0.00702	0.01151
81	0.00868	0.00620	0.00826	0.00991	0.01033	0.00578	0.00661	0.00991	0.01363	0.01818	0.03925	0.74510	0.04710	0.02231	0.00909	0.00289	0.00413	0.02024	0.00661	0.00578
82	0.02431	0.02418	0.02112	0.09534	0.02517	0.29241	0.03510	0.28191	0.08004	0.02937	0.01514	0.01650	0.01144	0.00793	0.00690	0.00208	0.00991	0.00589	0.00525	0.01001
83	0.02988	0.01456	0.01793	0.01384	0.01934	0.01421	0.01140	0.22511	0.05419	0.48423	0.02490	0.02224	0.01619	0.00877	0.00715	0.00219	0.00656	0.00698	0.00825	0.01208
84	0.02917	0.01273	0.01619	0.01258	0.01770	0.01184	0.01034	0.13224	0.02180	0.53353	0.02587	0.02339	0.01685	0.00872	0.00692	0.00213	0.00603	0.00699	0.09346	0.01152
85	0.01010	0.00679	0.00784	0.00810	0.00816	0.00673	0.00467	0.01029	0.01086	0.01448	0.02502	0.15405	0.02915	0.63785	0.03207	0.00629	0.00648	0.01188	0.00467	0.00454
86	0.02221	0.01511	0.01703	0.01382	0.01828	0.01614	0.01114	0.32208	0.14636	0.13290	0.17715	0.02805	0.02720	0.01016	0.00744	0.00222	0.00617	0.00829	0.00755	0.01073
87	0.00867	0.00706	0.00767	0.00786	0.00986	0.00606	0.00577	0.01057	0.01631	0.02024	0.14592	0.17478	0.51789	0.01828	0.00852	0.00246	0.00366	0.01559	0.00677	0.00606
88	0.02840	0.01236	0.01568	0.01226	0.01720	0.01149	0.01005	0.12191	0.02136	0.51252	0.02581	0.02360	0.01696	0.00870	0.00682	0.00211	0.00588	0.00698	0.12864	0.01127
89	0.09048	0.01599	0.01663	0.01369	0.01849	0.09091	0.01098	0.10153	0.16530	0.34177	0.04408	0.02257	0.01768	0.00880	0.00690	0.00220	0.00677	0.00689	0.00735	0.01099
90	0.01436	0.03311	0.60547	0.01880	0.02867	0.01545	0.02356	0.02184	0.01499	0.02265	0.01276	0.01499	0.00926	0.00654	0.00654	0.00207	0.00972	0.00510	0.00319	0.13094
91	0.03195	0.01212	0.01652	0.01267	0.01818	0.01047	0.01047	0.03470	0.02038	0.71026	0.02809	0.02424	0.01763	0.00881	0.00716	0.00220	0.00606	0.00716	0.00881	0.01212
92	0.00927	0.00647	0.00809	0.00934	0.01021	0.00601	0.00649	0.01090	0.01425	0.01937	0.04186	0.54629	0.13184	0.02009	0.00858	0.00271	0.00408	0.04646	0.09175	0.00594
93	0.32275	0.01506	0.07156	0.01203	0.01740	0.01365	0.01070	0.06808	0.01739	0.32656	0.01901	0.01828	0.01281	0.00777	0.00599	0.00218	0.00622	0.00568	0.03678	0.01009
94	0.00868	0.00620	0.00826	0.00991	0.01033	0.00578	0.00661	0.00991	0.01363	0.01818	0.03925	0.74510	0.04710	0.02231	0.00909	0.00289	0.00413	0.02024	0.00661	0.00578
95	0.00862	0.00640	0.00805	0.00937	0.01018	0.00583	0.00637	0.00998	0.01416	0.01839	0.04589	0.60837	0.17954	0.02144	0.00895	0.00279	0.00403	0.01919	0.00661	0.00583
96	0.06185	0.01643	0.01698	0.01445	0.01875	0.04477	0.01143	0.25966	0.29358	0.06574	0.02419	0.09998	0.01970	0.01036	0.00722	0.00233	0.00654	0.00841	0.00692	0.01071
97	0.55880	0.01923	0.15308	0.01333	0.04444	0.04204	0.01231	0.02200	0.01342	0.05056	0.01124	0.01295	0.00848	0.00673	0.00514	0.00220	0.00692	0.00437	0.00420	0.00857
98	0.01426	0.08632	0.39851	0.01625	0.02354	0.01557	0.01858	0.02280	0.12173	0.02420	0.14265	0.02513	0.04267	0.00893	0.00701	0.00222	0.00800	0.00726	0.00466	0.00969
99	0.02563	0.01641	0.01897	0.09294	0.02298	0.05895	0.01295	0.25936	0.06245	0.26655	0.02049	0.02039	0.01421	0.01029	0.03416	0.00257	0.03623	0.00668	0.00680	0.01099
100	0.01129	0.08851	0.01219	0.01024	0.01178	0.00930	0.00744	0.02906	0.04081	0.03553	0.05992	0.49704	0.07300	0.06699	0.01017	0.00291	0.00483	0.01615	0.00620	0.00661
101	0.01904	0.75404	0.03731	0.01218	0.01828	0.02818	0.01218	0.02132	0.01447	0.01675	0.00990	0.01142	0.00914	0.00609	0.00457	0.00152	0.00761	0.00381	0.00305	0.00914
102	0.80005	0.01377	0.01047	0.00936	0.01377	0.01597	0.00771	0.02093	0.01212	0.03195	0.00991	0.01157	0.00771	0.00661	0.00441	0.00220	0.00551	0.00386	0.00441	0.00771
103	0.01771	0.01530	0.01610	0.01449	0.01852	0.01771	0.01127	0.03784	0.69247	0.02979	0.02898	0.02657	0.02174	0.00966	0.00725	0.00242	0.00564	0.00805	0.00725	0.01127
104	0.07158	0.01913	0.15534	0.18485	0.03112	0.03680	0.15033	0.02304	0.01583	0.14558	0.01641	0.04646	0.01245	0.00800	0.00814	0.00236	0.05167	0.00700	0.00447	0.00942
105	0.00863	0.00711	0.00759	0.00771	0.00981	0.00607	0.00569	0.01055	0.01639	0.02018	0.14017	0.14038	0.55887	0.01810	0.00849	0.00244	0.00364	0.01535	0.00675	0.00607
106	0.11479	0.04563	0.04663	0.01491	0.02063	0.01929	0.01276	0.43929	0.02726	0.16232	0.01784	0.01748	0.01238	0.00822	0.00671	0.00214	0.00735	0.00612	0.00681	0.01144
107	0.02003	0.02358	0.21067	0.01724	0.04345	0.09752	0.01603	0.20229	0.11986	0.06124	0.04898	0.05286	0.01693	0.02771	0.00784	0.00234	0.00838	0.00717	0.00551	0.01036
108	0.01810	0.01403	0.01737	0.01484	0.01676	0.03842	0.01185	0.13769	0.01628	0.09491	0.01629	0.02336	0.01456	0.13090	0.12723	0.00466	0.28256	0.00716	0.00475	0.00829
109	0.01379	0.01122	0.01549	0.19953	0.02356	0.01290	0.01259	0.11669	0.01684	0.02251	0.02553	0.29379	0.02720	0.01490	0.00991	0.00271	0.08605	0.08176	0.00541	0.00761
110	0.01462	0.01453	0.02661	0.50690	0.11790	0.01641	0.16158	0.01958	0.01500	0.01974	0.01311	0.01888	0.00997	0.00680	0.00739	0.00235	0.00992	0.00678	0.00330	0.00864
111	0.01332	0.00998	0.01513	0.03672	0.04732	0.00976	0.08216	0.01762	0.07459	0.07881	0.12418	0.29231	0.06203	0.01562	0.00851	0.00263	0.00580	0.08935	0.00644	0.00773
112	0.01317	0.01242	0.02141	0.60388	0.04399	0.01488	0.06542	0.01762	0.01436	0.01852	0.01567	0.09799	0.01368	0.00869	0.00743	0.00243	0.00909	0.00799	0.00357	0.00780
113	0.03195	0.01212	0.01652	0.01267	0.01818	0.01047	0.01047	0.03470	0.02038	0.71026	0.02809	0.02424	0.01763	0.00881	0.00716	0.00220	0.00606	0.00716	0.00881	0.01212
114	0.00869	0.00722	0.00764	0.00789	0.01009	0.00618	0.00600	0.01057	0.01606	0.01933	0.06695	0.11778	0.60113	0.01847	0.00858	0.00251	0.00389	0.06838	0.00661	0.00604
115	0.10352	0.02088	0.03523	0.02597	0.03233	0.12595	0.50399	0.02347	0.01682	0.02298	0.01339	0.01740	0.01022	0.00627	0.00766	0.00229	0.01143	0.00732	0.00370	0.00919
116	0.01681	0.01921	0.04202	0.03001	0.03721	0.01801	0.67947	0.02281	0.01681	0.02281	0.01441	0.01921	0.01080	0.00600	0.00840	0.00240	0.01200	0.00840	0.00360	0.00960
117	0.00878	0.00627	0.00838	0.01003	0.01049	0.00587	0.00679	0.01009	0.01374	0.01829	0.03919	0.72051	0.04687	0.02221	0.00912	0.00291	0.00422	0.04381	0.00661	0.00581
118	0.02957	0.01159	0.01576	0.01227	0.01736	0.01006	0.01006	0.03239	0.02036	0.63610	0.10136	0.02739	0.02302	0.00944	0.00730	0.00221	0.00577	0.00778	0.00871	0.01153
119	0.01396	0.01366	0.02453	0.62488	0.04723	0.01616	0.12094	0.01890	0.01463	0.01890	0.01292	0.01902	0.00969	0.00695	0.00732	0.00238	0.00988	0.00665	0.00323	0.00817
120	0.02598	0.09332	0.02159	0.01784	0.02171	0.66401	0.01363	0.02785	0.01971	0.01737	0.01092	0.01272	0.00917	0.00724	0.00627	0.00181	0.01241	0.00452	0.00362	0.00833
121	0.00955	0.00702	0.00894	0.00896	0.01044	0.00642	0.00653	0.01223	0.01817	0.02501	0.47105	0.21394	0.14178	0.01677	0.00856	0.00241	0.00357	0.01484	0.00740	0.00642
122	0.01674	0.01819	0.03534	0.15002	0.16389	0.04176	0.42255	0.02205	0.01638	0.02193	0.01381	0.01865	0.01062	0.00630	0.00787	0.00232	0.01095	0.00754	0.00352	0.00959
123	0.02344	0.01231	0.01511	0.01288	0.01709	0.01226	0.01015	0.03198	0.25219	0.36805	0.03012	0.13593	0.02358	0.01118	0.00749	0.00238	0.00562	0.00948	0.00793	0.01085
124	0.01172	0.00864	0.01052	0.00975	0.01197	0.00845	0.00740	0.01750	0.12322	0.04713	0.52119	0.04969	0.11724	0.01396	0.00819	0.00228	0.00381	0.01217	0.00766	0.00751
125	0.00868	0.00620	0.00826	0.00991	0.01033	0.00578	0.00661	0.00991	0.01363	0.01818	0.03925	0.74510	0.04710	0.02231	0.00909	0.00289	0.00413	0.02024	0.00661	0.00578
126	0.18665	0.59517	0.03155	0.01158	0.01731	0.02556	0.01122	0.02124	0.01396	0.02001	0.00990	0.01145	0.00883	0.00620	0.00453	0.00167	0.00716	0.00382	0.00334	0.00883
127	0.02915	0.01661	0.01930	0.01480	0.02042	0.01713	0.01223	0.40567	0.02789	0.32869	0.02179	0.02014	0.01446	0.00866	0.00714	0.00217	0.00708	0.00673	0.00784	0.01211
128	0.01036	0.00690	0.00777	0.00777	0.00777	0.00690	0.00431	0.01036	0.01036	0.01381	0.02244	0.04660	0.02589	0.74975	0.03624	0.00690	0.00690	0.01036	0.00431	0.00431
129	0.01428	0.03683	0.71286	0.02030	0.03082	0.01654	0.02631	0.02255	0.01503	0.02255	0.01278	0.01503	0.00902	0.00677	0.00677	0.00226	0.01052	0.00526	0.00301	0.01052
130	0.01345	0.01266	0.02136	0.73264	0.04904	0.01582	0.01978	0.01819	0.01424	0.01819	0.01266	0.01898	0.00949	0.00712	0.00712	0.00237	0.00949	0.00633	0.00316	0.00791
131	0.80005	0.01377	0.01047	0.00936	0.01377	0.01597	0.00771	0.02093	0.01212	0.03195	0.00991	0.01157	0.00771	0.00661	0.00441	0.00220	0.00551	0.00386	0.00441	0.00771
132	0.01932	0.01570	0.01671	0.01463	0.01891	0.01792	0.01149	0.11030	0.59213	0.05785	0.02761	0.02541	0.02049	0.00950	0.00723	0.00238	0.00590	0.00783	0.00729	0.01140
133	0.02334	0.01023	0.01364	0.01110	0.01518	0.00896	0.00892	0.02622	0.02001	0.44497	0.24461	0.03657	0.08220	0.01129	0.00764	0.00223	0.00503	0.00953	0.00835	0.00997
134	0.02011	0.56341	0.03295	0.01383	0.01898	0.15249	0.01275	0.02226	0.01520	0.01691	0.01005	0.01202	0.00916	0.00684	0.00645	0.00171	0.06869	0.00415	0.00316	0.00887
135	0.01662	0.01865	0.03891	0.02827	0.03437	0.01859	0.57735	0.02194	0.01590	0.02194	0.01363	0.01865	0.01058	0.00700	0.01071	0.00251	0.12349	0.00807	0.00353	0.00932
136	0.01045	0.00749	0.01021	0.01127	0.01264	0.00724	0.00909	0.01328	0.01674	0.02248	0.21241	0.22870	0.04929	0.01894	0.00928	0.00292	0.00515	0.33910	0.00691	0.00642
137	0.00868	0.00620	0.00826	0.00991	0.01033	0.00578	0.00661	0.00991	0.01363	0.01818	0.03925	0.74510	0.04710	0.02231	0.00909	0.00289	0.00413	0.02024	0.00661	0.00578
138	0.13926	0.01607	0.09474	0.35541	0.03359	0.01697	0.01726	0.01961	0.01355	0.05146	0.01221	0.01688	0.00949	0.00822	0.01014	0.00249	0.16489	0.00584	0.00358	0.00832
139	0.00950	0.00726	0.00872	0.00836	0.01029	0.00647	0.00627	0.01233	0.01880	0.02533	0.48410	0.05849	0.28668	0.01576	0.00840	0.00230	0.00344	0.01362	0.00741	0.00647
140	0.00867	0.00623	0.00823	0.00983	0.01031	0.00579	0.00657	0.00992	0.01371	0.01821	0.04024	0.72458	0.06698	0.02218	0.00907	0.00288	0.00412	0.02008	0.00661	0.00579
141	0.00880	0.00651	0.00827	0.00961	0.01047	0.00598	0.00669	0.01027	0.01429	0.01857	0.04531	0.57689	0.16953	0.02134	0.00901	0.00282	0.00418	0.05897	0.00661	0.00587
142	0.01373	0.05757	0.50366	0.12843	0.03091	0.01571	0.02261	0.02046	0.01474	0.02118	0.01553	0.09492	0.01324	0.00848	0.00699	0.00231	0.00956	0.00700	0.00342	0.00955
143	0.01762	0.01692	0.02890	0.04371	0.70533	0.01692	0.02185	0.02185	0.01621	0.02326	0.01339	0.01762	0.01128	0.00634	0.00705	0.00211	0.00846	0.00634	0.00352	0.01128
144	0.03195	0.01212	0.01652	0.01267	0.01818	0.01047	0.01047	0.03470	0.02038	0.71026	0.02809	0.02424	0.01763	0.00881	0.00716	0.00220	0.00606	0.00716	0.00881	0.01212
145	0.01477	0.01266	0.01477	0.01055	0.01687	0.00949	0.00844	0.01793	0.01477	0.02320	0.01266	0.01477	0.01055	0.00527	0.00527	0.00105	0.00527	0.00422	0.00422	0.79328
146	0.01477	0.01266	0.01477	0.01055	0.01687	0.00949	0.00844	0.01793	0.01477	0.02320	0.01266	0.01477	0.01055	0.00527	0.00527	0.00105	0.00527	0.00422	0.00422	0.79328
147	0.03837	0.00841	0.01045	0.01122	0.01278	0.00848	0.00832	0.01648	0.11009	0.06221	0.03590	0.46876	0.03945	0.01877	0.00868	0.00282	0.00490	0.12004	0.00675	0.00713
148	0.02269	0.01486	0.01721	0.01308	0.01883	0.01406	0.01064	0.21621	0.07779	0.19429	0.01899	0.01869	0.01362	0.00743	0.00643	0.00176	0.00623	0.00588	0.00641	0.31490
149	0.00865	0.00631	0.00815	0.00962	0.01025	0.00581	0.00648	0.00995	0.01392	0.01829	0.04282	0.67150	0.11839	0.02184	0.00902	0.00284	0.00407	0.01968	0.00661	0.00581
150	0.00876	0.00630	0.00834	0.00994	0.01045	0.00587	0.00674	0.01009	0.01381	0.01832	0.04023	0.70146	0.06754	0.02209	0.00909	0.00289	0.00420	0.04147	0.00661	0.00582
151	0.04251	0.01113	0.01630	0.06715	0.09282	0.01093	0.06558	0.06222	0.01749	0.11480	0.11058	0.21762	0.11454	0.01343	0.00795	0.00243	0.00603	0.01200	0.00618	0.00832
152	0.01426	0.01207	0.01419	0.01037	0.01620	0.00919	0.00825	0.01744	0.01535	0.02379	0.08760	0.01895	0.01671	0.00628	0.00561	0.00118	0.00507	0.00516	0.00461	0.70772
153	0.00947	0.00680	0.00907	0.01054	0.01136	0.00647	0.00774	0.01128	0.01454	0.01920	0.06004	0.50805	0.06976	0.04319	0.01005	0.00307	0.00479	0.18203	0.00657	0.00597
154	0.02022	0.01949	0.02664	0.04171	0.04738	0.12003	0.23590	0.20573	0.04216	0.02802	0.01860	0.02726	0.01588	0.00916	0.00787	0.00237	0.00976	0.10700	0.00514	0.00969
155	0.01596	0.01180	0.01752	0.34379	0.05612	0.01332	0.01453	0.02124	0.08894	0.12612	0.02405	0.13822	0.05426	0.01077	0.00802	0.00245	0.02976	0.00930	0.00522	0.00861
156	0.01615	0.00989	0.01335	0.01203	0.01436	0.01079	0.00946	0.08029	0.01519	0.14745	0.02050	0.02707	0.01748	0.09041	0.41634	0.00783	0.04617	0.00754	0.02981	0.00788

[dist]
# distance from previous block
# <min> <max>
7	9

[block]
# block no. 2 follows, 29 sequences, length 26
# corresponding to MSA columns:
# 233-258
name=unknown_C
#
# <colnr> <probs for GDERKNQSTAVLIFYWHMCP>
#	G	D	E	R	K	N	Q	S	T	A	V	L	I	F	Y	W	H	M	C	P
0	0.01169	0.00807	0.01034	0.00945	0.01146	0.00760	0.00718	0.04648	0.02081	0.05406	0.64410	0.05040	0.06273	0.01406	0.00829	0.00223	0.00367	0.01236	0.00784	0.00717
1	0.08700	0.01362	0.01600	0.04774	0.01927	0.06283	0.01109	0.03047	0.05596	0.46456	0.02576	0.02819	0.01853	0.00964	0.00718	0.00231	0.00670	0.07497	0.00750	0.01066
2	0.01474	0.01436	0.02149	0.57413	0.09515	0.06180	0.01891	0.01904	0.01461	0.01870	0.01271	0.01850	0.00984	0.00740	0.00790	0.00234	0.04944	0.00622	0.02455	0.00815
3	0.03195	0.01212	0.01652	0.01267	0.01818	0.01047	0.01047	0.03470	0.02038	0.71026	0.02809	0.02424	0.01763	0.00881	0.00716	0.00220	0.00606	0.00716	0.00881	0.01212
4	0.02443	0.02183	0.01746	0.01527	0.01934	0.31305	0.01180	0.03131	0.19336	0.19218	0.06991	0.02211	0.01870	0.00882	0.00696	0.00210	0.00863	0.00671	0.00616	0.00987
5	0.00864	0.00635	0.00810	0.00950	0.01022	0.00582	0.00643	0.00996	0.01403	0.01834	0.04428	0.64149	0.14746	0.02165	0.00899	0.00282	0.00405	0.01944	0.00661	0.00582
6	0.00949	0.00707	0.00884	0.00879	0.01038	0.00641	0.00644	0.01216	0.01819	0.02482	0.45643	0.18399	0.18741	0.01667	0.00853	0.00239	0.00355	0.01466	0.00737	0.00641
7	0.02807	0.01833	0.02037	0.01562	0.02128	0.01969	0.01290	0.54840	0.03078	0.18188	0.01936	0.01857	0.01325	0.00860	0.00713	0.00215	0.00747	0.00657	0.00747	0.01211
8	0.01651	0.08681	0.50002	0.01801	0.02666	0.01666	0.02153	0.07807	0.01681	0.07079	0.01601	0.07189	0.01282	0.00820	0.00683	0.00223	0.00927	0.00653	0.00403	0.01029
9	0.00908	0.00658	0.00867	0.01020	0.01095	0.00617	0.00726	0.01068	0.01426	0.01874	0.04155	0.59109	0.09673	0.02157	0.00915	0.00291	0.00446	0.11742	0.00660	0.00592
10	0.01762	0.01692	0.02890	0.04371	0.70533	0.01692	0.02185	0.02185	0.01621	0.02326	0.01339	0.01762	0.01128	0.00634	0.00705	0.00211	0.00846	0.00634	0.00352	0.01128
11	0.01610	0.01443	0.02200	0.58414	0.04393	0.06383	0.05484	0.02055	0.01531	0.07695	0.01395	0.01902	0.01023	0.00722	0.00715	0.00232	0.00957	0.00639	0.00370	0.00838
12	0.01974	0.01454	0.02013	0.34300	0.03315	0.01664	0.01574	0.17082	0.04581	0.13080	0.01640	0.01919	0.01185	0.00812	0.00830	0.00229	0.06435	0.00643	0.00513	0.04755
13	0.00974	0.00709	0.00863	0.00848	0.00979	0.00656	0.00595	0.01190	0.01673	0.02278	0.38595	0.11284	0.16379	0.18140	0.01473	0.00337	0.00426	0.01330	0.00673	0.00598
14	0.01253	0.00852	0.01141	0.20658	0.02032	0.00925	0.00976	0.01615	0.01553	0.02365	0.10255	0.03419	0.06389	0.01015	0.00654	0.00209	0.00528	0.05798	0.37667	0.00695
15	0.01723	0.19773	0.32867	0.01794	0.06145	0.04004	0.01856	0.02505	0.11958	0.05763	0.03994	0.01787	0.01365	0.00743	0.00641	0.00208	0.00856	0.00576	0.00418	0.01023
16	0.01854	0.46036	0.10541	0.03486	0.02086	0.07757	0.01418	0.02361	0.09647	0.01907	0.01264	0.01425	0.01067	0.00716	0.00663	0.00187	0.05811	0.00477	0.00360	0.00935
17	0.01830	0.01289	0.01477	0.01321	0.01666	0.01364	0.01055	0.22653	0.13337	0.08752	0.03229	0.17256	0.08487	0.01400	0.00807	0.00254	0.00604	0.11580	0.00705	0.00934
18	0.01036	0.00690	0.00777	0.00777	0.00777	0.00690	0.00431	0.01036	0.01036	0.01381	0.02244	0.04660	0.02589	0.74975	0.03624	0.00690	0.00690	0.01036	0.00431	0.00431
19	0.01008	0.00695	0.00769	0.00769	0.00803	0.00678	0.00447	0.01034	0.01119	0.01458	0.02950	0.04972	0.12209	0.64571	0.03229	0.00626	0.00643	0.01102	0.00464	0.00456
20	0.00998	0.00723	0.00970	0.01121	0.01237	0.00695	0.00882	0.01224	0.01516	0.01975	0.04130	0.37210	0.09964	0.02069	0.00939	0.00303	0.00524	0.32245	0.00658	0.00617
21	0.07279	0.13226	0.02067	0.01458	0.01936	0.15996	0.01189	0.12842	0.20286	0.13803	0.01932	0.01875	0.01429	0.00815	0.00646	0.00207	0.00778	0.00605	0.00594	0.01038
22	0.01741	0.01670	0.02852	0.07899	0.67172	0.01686	0.02175	0.02167	0.01611	0.02300	0.01336	0.01769	0.01119	0.00638	0.00705	0.00213	0.00851	0.00634	0.00351	0.01111
23	0.01952	0.01704	0.12404	0.04227	0.02090	0.01565	0.01443	0.09422	0.08814	0.17799	0.01874	0.02097	0.01419	0.01675	0.13069	0.00398	0.15861	0.00674	0.00536	0.00977
24	0.21362	0.04624	0.20539	0.07761	0.07623	0.04393	0.01599	0.08253	0.03736	0.07957	0.03137	0.01739	0.01207	0.02370	0.00691	0.00229	0.00802	0.00565	0.00454	0.00958
25	0.17058	0.03545	0.01855	0.23604	0.04779	0.03836	0.01404	0.07136	0.01589	0.08844	0.04106	0.01993	0.03701	0.00878	0.00922	0.00237	0.12563	0.00634	0.00456	0.00861

[dist]
# distance from previous block
# <min> <max>
0	4

[block]
# block no. 3 follows, 29 sequences, length 45
# corresponding to MSA columns:
# 263-307
name=unknown_D
#
# <colnr> <probs for GDERKNQSTAVLIFYWHMCP>
#	G	D	E	R	K	N	Q	S	T	A	V	L	I	F	Y	W	H	M	C	P
0	0.01650	0.24689	0.35587	0.05052	0.02680	0.05771	0.05545	0.02199	0.01518	0.02040	0.01190	0.01423	0.00929	0.00646	0.00609	0.00194	0.00944	0.00494	0.00318	0.06521
1	0.06467	0.12919	0.01963	0.05209	0.01914	0.01430	0.05746	0.06833	0.04377	0.20677	0.06817	0.13286	0.04950	0.01108	0.00718	0.00227	0.00645	0.03165	0.00625	0.00924
2	0.01027	0.00741	0.00839	0.00816	0.01025	0.00647	0.00601	0.01233	0.01680	0.05920	0.21437	0.10849	0.41868	0.06878	0.01036	0.00271	0.00395	0.01412	0.00686	0.00638
3	0.01394	0.01502	0.17492	0.01274	0.01676	0.00983	0.01208	0.04751	0.01664	0.10821	0.08805	0.29538	0.10557	0.01515	0.00811	0.00253	0.00601	0.03726	0.00616	0.00811
4	0.11523	0.03666	0.01805	0.10374	0.02245	0.08320	0.01220	0.15981	0.04526	0.27754	0.02009	0.04297	0.01441	0.00855	0.00675	0.00219	0.00740	0.00664	0.00647	0.01039
5	0.05630	0.01099	0.01715	0.14738	0.15236	0.01199	0.03777	0.01550	0.01274	0.01823	0.01566	0.02623	0.01487	0.09653	0.08742	0.18880	0.03528	0.04425	0.00368	0.00686
6	0.00868	0.00640	0.00813	0.00944	0.01022	0.00585	0.00642	0.01009	0.01429	0.01871	0.06765	0.60977	0.15561	0.02134	0.00895	0.00279	0.00402	0.01913	0.00665	0.00585
7	0.02171	0.01320	0.01513	0.01275	0.01667	0.03817	0.01008	0.17145	0.08443	0.24132	0.10855	0.11872	0.06292	0.01338	0.03533	0.00266	0.00647	0.00974	0.00740	0.00991
8	0.04471	0.27640	0.23135	0.04298	0.07413	0.02078	0.04230	0.09657	0.01731	0.07194	0.01336	0.01504	0.01022	0.00683	0.00609	0.00198	0.00861	0.00521	0.00400	0.01017
9	0.00962	0.00687	0.00934	0.01099	0.01181	0.00659	0.00824	0.01154	0.01456	0.01923	0.03873	0.52179	0.04504	0.02142	0.00934	0.00302	0.00495	0.23428	0.00659	0.00604
10	0.01144	0.00914	0.01048	0.00981	0.01222	0.00911	0.00745	0.01833	0.17652	0.02648	0.38478	0.05084	0.21739	0.01429	0.00813	0.00232	0.00395	0.01229	0.00739	0.00761
11	0.19129	0.02407	0.01778	0.01547	0.01977	0.32505	0.01207	0.16506	0.11525	0.02802	0.01456	0.01538	0.01123	0.00776	0.00625	0.00206	0.00921	0.00530	0.00505	0.00937
12	0.02123	0.01049	0.01207	0.01008	0.01357	0.01034	0.00806	0.13145	0.01964	0.23772	0.02370	0.02429	0.01705	0.00849	0.00600	0.00190	0.00490	0.00676	0.42306	0.00921
13	0.01771	0.01530	0.01610	0.01449	0.01852	0.01771	0.01127	0.03784	0.69247	0.02979	0.02898	0.02657	0.02174	0.00966	0.00725	0.00242	0.00564	0.00805	0.00725	0.01127
14	0.01771	0.01389	0.02480	0.17372	0.02958	0.01445	0.22182	0.02162	0.01608	0.15900	0.04604	0.11204	0.01847	0.00987	0.00955	0.00249	0.08572	0.00913	0.00504	0.00896
15	0.01662	0.01369	0.01942	0.01395	0.02035	0.01098	0.11946	0.02022	0.01560	0.08380	0.01431	0.01634	0.01121	0.00571	0.00596	0.00138	0.00645	0.00517	0.00452	0.59487
16	0.02552	0.01918	0.02050	0.01607	0.02149	0.02136	0.01316	0.57526	0.14233	0.04238	0.01906	0.01866	0.01370	0.00873	0.00714	0.00218	0.00747	0.00668	0.00714	0.01197
17	0.00959	0.00720	0.00888	0.00859	0.01037	0.00649	0.00639	0.01245	0.01882	0.02568	0.50996	0.09673	0.22097	0.01585	0.00844	0.00232	0.00346	0.01383	0.00747	0.00649
18	0.02826	0.01388	0.01720	0.01365	0.01883	0.01357	0.01122	0.16226	0.10674	0.46168	0.02647	0.02570	0.01813	0.00937	0.00729	0.00227	0.00638	0.03717	0.00818	0.01175
19	0.01328	0.10144	0.01385	0.01043	0.01304	0.00999	0.00863	0.01631	0.01837	0.08426	0.36896	0.05231	0.09777	0.01434	0.00812	0.00238	0.00482	0.14733	0.00696	0.00741
20	0.01926	0.01423	0.01711	0.01301	0.01877	0.01300	0.03511	0.10928	0.13653	0.11981	0.01823	0.01857	0.01367	0.00697	0.00623	0.00164	0.00603	0.00573	0.00572	0.42111
21	0.01387	0.01347	0.02393	0.64513	0.04757	0.01609	0.10194	0.01877	0.01456	0.01877	0.01287	0.01901	0.00966	0.00698	0.00728	0.00238	0.00981	0.00659	0.00322	0.00812
22	0.00911	0.00672	0.00859	0.00968	0.01073	0.00620	0.00695	0.01094	0.01520	0.02000	0.12766	0.47016	0.16084	0.02032	0.00897	0.00277	0.00421	0.08815	0.00676	0.00602
23	0.01771	0.01530	0.01610	0.01449	0.01852	0.01771	0.01127	0.03784	0.69247	0.02979	0.02898	0.02657	0.02174	0.00966	0.00725	0.00242	0.00564	0.00805	0.00725	0.01127
24	0.01558	0.01558	0.02181	0.01869	0.01869	0.02181	0.01558	0.01714	0.01091	0.01714	0.00935	0.01558	0.00935	0.01246	0.02337	0.00312	0.73672	0.00623	0.00312	0.00779
25	0.02231	0.01437	0.01622	0.01320	0.01763	0.01510	0.01064	0.27662	0.13572	0.17222	0.11101	0.02878	0.07089	0.01019	0.00728	0.00220	0.00600	0.00826	0.05077	0.01057
26	0.11854	0.53681	0.03077	0.01248	0.01808	0.09494	0.01166	0.02293	0.01516	0.06755	0.01129	0.01249	0.00956	0.00647	0.00492	0.00169	0.00777	0.00413	0.00368	0.00908
27	0.01894	0.01568	0.01686	0.01408	0.01888	0.01695	0.01115	0.15823	0.43263	0.03141	0.02349	0.02243	0.01769	0.00859	0.00684	0.00210	0.00599	0.00698	0.00663	0.16445
28	0.13646	0.06724	0.02390	0.27730	0.25595	0.01754	0.03612	0.04510	0.01529	0.02298	0.01241	0.01671	0.00992	0.00688	0.00698	0.00221	0.02830	0.00583	0.00363	0.00928
29	0.80005	0.01377	0.01047	0.00936	0.01377	0.01597	0.00771	0.02093	0.01212	0.03195	0.00991	0.01157	0.00771	0.00661	0.00441	0.00220	0.00551	0.00386	0.00441	0.00771
