[name]
unknown

[dist]
# distance from previous block
# <min> <max>
1	69

[block]
# block no. 0 follows, 29 sequences, length 10
# corresponding to MSA columns:
# 69-78
name=unknown_A
#
# <colnr> <probs for GDERKNQSTAVLIFYWHMCP>
#	G	D	E	R	K	N	Q	S	T	A	V	L	I	F	Y	W	H	M	C	P
0	0.12986	0.08277	0.04669	0.13341	0.05587	0.04309	0.01207	0.04193	0.03911	0.07342	0.10979	0.06032	0.05524	0.00936	0.00661	0.00212	0.00663	0.00761	0.02484	0.05927
1	0.14280	0.05331	0.08753	0.05995	0.01948	0.04389	0.01178	0.09163	0.04473	0.06073	0.02058	0.09071	0.04364	0.00957	0.00649	0.00210	0.00669	0.03827	0.04446	0.12166
2	0.09575	0.03281	0.07496	0.01253	0.01676	0.01375	0.01090	0.11214	0.15345	0.07146	0.06169	0.06245	0.05484	0.01227	0.03917	0.00264	0.00653	0.04045	0.08498	0.04046
3	0.14856	0.06787	0.08111	0.01340	0.01842	0.07654	0.01175	0.15501	0.05373	0.12531	0.08457	0.02168	0.01799	0.04550	0.00792	0.00231	0.00714	0.00647	0.00575	0.04895
4	0.07495	0.15812	0.05906	0.04811	0.01802	0.01444	0.01066	0.04704	0.04640	0.05071	0.06525	0.13424	0.04419	0.00993	0.00641	0.00194	0.00607	0.00813	0.00502	0.19133
5	0.15513	0.06773	0.14667	0.01370	0.01896	0.06487	0.01290	0.10453	0.06338	0.10071	0.07943	0.07032	0.05362	0.00964	0.00668	0.00221	0.00709	0.00755	0.00556	0.00933
6	0.16745	0.09847	0.08206	0.09096	0.06769	0.01872	0.01416	0.21597	0.01999	0.06396	0.01678	0.01832	0.04479	0.00813	0.00714	0.00218	0.04240	0.00599	0.00502	0.00981
7	0.43978	0.06429	0.01558	0.01198	0.01670	0.01839	0.00989	0.16249	0.14436	0.03325	0.01499	0.01553	0.01136	0.00755	0.00552	0.00218	0.00616	0.00517	0.00542	0.00939
8	0.01237	0.00618	0.00928	0.00928	0.00928	0.00618	0.00618	0.00928	0.00928	0.01237	0.01237	0.02165	0.01237	0.02474	0.02783	0.79283	0.00618	0.00618	0.00309	0.00309
9	0.01896	0.01434	0.02039	0.11443	0.11543	0.04955	0.08043	0.03974	0.06807	0.15514	0.04838	0.04734	0.03817	0.00920	0.00866	0.00229	0.07394	0.00776	0.07836	0.00941

[dist]
# distance from previous block
# <min> <max>
0	3

[block]
# block no. 1 follows, 29 sequences, length 43
# corresponding to MSA columns:
# 82-124
name=unknown_B
#
# <colnr> <probs for GDERKNQSTAVLIFYWHMCP>
#	G	D	E	R	K	N	Q	S	T	A	V	L	I	F	Y	W	H	M	C	P
0	0.02031	0.02344	0.27317	0.08098	0.02678	0.03422	0.03828	0.13481	0.03536	0.15966	0.01684	0.01784	0.01177	0.00740	0.00683	0.00211	0.00857	0.00596	0.00510	0.09055
1	0.39670	0.16064	0.10151	0.03432	0.01905	0.11599	0.01212	0.02280	0.03992	0.02542	0.01121	0.01292	0.00893	0.00676	0.00519	0.00204	0.00765	0.00435	0.00395	0.00854
2	0.02823	0.01207	0.01571	0.01229	0.01732	0.01084	0.01007	0.08582	0.02110	0.55479	0.06828	0.02919	0.08114	0.00993	0.00734	0.00222	0.00584	0.00812	0.00842	0.01127
3	0.01038	0.00944	0.07092	0.00931	0.01033	0.00755	0.00673	0.01136	0.01141	0.01544	0.02485	0.17990	0.02851	0.54154	0.02831	0.00571	0.00669	0.01183	0.00464	0.00516
4	0.04453	0.15078	0.15219	0.04111	0.10430	0.01877	0.01574	0.21665	0.02067	0.04926	0.04242	0.07985	0.01595	0.00883	0.00672	0.00213	0.00781	0.00710	0.00502	0.01016
5	0.01813	0.11207	0.05226	0.22642	0.08984	0.01499	0.01454	0.05353	0.01678	0.15339	0.04448	0.10683	0.01823	0.00942	0.00696	0.00222	0.00735	0.00802	0.03536	0.00917
6	0.01697	0.08585	0.05921	0.01517	0.07993	0.01298	0.03119	0.04623	0.01607	0.07741	0.01538	0.05601	0.01304	0.00691	0.00598	0.00154	0.00639	0.00576	0.00457	0.44342
7	0.01017	0.00763	0.01144	0.01144	0.01272	0.00890	0.00890	0.01272	0.01144	0.01653	0.01907	0.02797	0.01780	0.05340	0.72153	0.01144	0.01907	0.00763	0.00381	0.00636
8	0.01406	0.01149	0.01156	0.01073	0.01332	0.07296	0.00826	0.04361	0.12513	0.04430	0.28851	0.04461	0.15118	0.01299	0.00770	0.00225	0.00500	0.04227	0.08229	0.00778
9	0.24957	0.01297	0.01504	0.01191	0.01712	0.01260	0.00983	0.06243	0.01868	0.48533	0.02240	0.02029	0.01454	0.00818	0.00638	0.00220	0.00599	0.00619	0.00748	0.01087
10	0.01032	0.00704	0.00846	0.00846	0.00870	0.00728	0.00518	0.01080	0.01056	0.01432	0.02180	0.04307	0.02436	0.61778	0.16612	0.00776	0.00921	0.00984	0.00422	0.00470
11	0.02068	0.49302	0.09305	0.01459	0.02042	0.21659	0.01388	0.02338	0.01608	0.01746	0.01046	0.01213	0.00914	0.00649	0.00527	0.00167	0.00930	0.00415	0.00321	0.00902
12	0.01957	0.01318	0.01573	0.01152	0.01762	0.01081	0.00933	0.08002	0.01763	0.17400	0.01639	0.01702	0.01222	0.00633	0.00585	0.00140	0.00567	0.00505	0.00547	0.55519
13	0.05094	0.11927	0.09250	0.16177	0.08775	0.01750	0.01550	0.10806	0.08077	0.13368	0.01709	0.01885	0.01265	0.00980	0.04157	0.00260	0.00844	0.00614	0.00503	0.01008
14	0.00872	0.00634	0.00822	0.00962	0.01028	0.00585	0.00650	0.01010	0.01417	0.01875	0.07257	0.65007	0.10947	0.02155	0.00899	0.00282	0.00405	0.01942	0.00667	0.00585
15	0.00868	0.00620	0.00826	0.00991	0.01033	0.00578	0.00661	0.00991	0.01363	0.01818	0.03925	0.74510	0.04710	0.02231	0.00909	0.00289	0.00413	0.02024	0.00661	0.00578
16	0.02339	0.01497	0.04399	0.01600	0.06257	0.01470	0.01251	0.15078	0.13489	0.27736	0.02607	0.05479	0.04307	0.01025	0.00832	0.00236	0.04854	0.03749	0.00708	0.01088
17	0.08343	0.01100	0.03447	0.05409	0.04310	0.01117	0.00988	0.01958	0.15626	0.04439	0.02695	0.24532	0.02699	0.08023	0.07016	0.00366	0.00685	0.03065	0.03404	0.00778
18	0.02660	0.03394	0.02018	0.01834	0.02201	0.72116	0.01376	0.02843	0.02018	0.01743	0.01101	0.01284	0.00917	0.00734	0.00642	0.00183	0.01284	0.00459	0.00367	0.00825
19	0.06904	0.45695	0.15388	0.01371	0.02023	0.04007	0.01425	0.06592	0.01606	0.04733	0.01209	0.01352	0.00987	0.00662	0.00528	0.00178	0.00793	0.00449	0.03148	0.00950
20	0.04821	0.06334	0.07397	0.04199	0.06105	0.01677	0.11562	0.12536	0.14803	0.14385	0.02107	0.05099	0.01641	0.00884	0.00724	0.00229	0.00775	0.03089	0.00587	0.01047
21	0.00868	0.00620	0.00826	0.00991	0.01033	0.00578	0.00661	0.00991	0.01363	0.01818	0.03925	0.74510	0.04710	0.02231	0.00909	0.00289	0.00413	0.02024	0.00661	0.00578
22	0.01354	0.00844	0.00970	0.07296	0.01321	0.00890	0.00703	0.07614	0.01536	0.02378	0.02254	0.07588	0.02065	0.19432	0.01344	0.00316	0.00523	0.00839	0.40073	0.00662
23	0.10678	0.16470	0.06649	0.01501	0.02045	0.15507	0.01311	0.22103	0.06053	0.08968	0.01515	0.01564	0.01135	0.00761	0.00619	0.00200	0.00839	0.00537	0.00527	0.01018
24	0.01428	0.03683	0.71286	0.02030	0.03082	0.01654	0.02631	0.02255	0.01503	0.02255	0.01278	0.01503	0.00902	0.00677	0.00677	0.00226	0.01052	0.00526	0.00301	0.01052
25	0.00877	0.00640	0.00826	0.00954	0.01028	0.00589	0.00649	0.01026	0.01449	0.01922	0.10198	0.61121	0.11865	0.02116	0.00896	0.00278	0.00401	0.01903	0.00672	0.00589
26	0.00886	0.00655	0.00831	0.00946	0.01038	0.00600	0.00658	0.01048	0.01483	0.01951	0.11150	0.53751	0.16132	0.02071	0.00893	0.00276	0.00404	0.03960	0.00673	0.00594
27	0.01263	0.00810	0.01009	0.00975	0.01100	0.00825	0.00673	0.01532	0.06385	0.08140	0.09044	0.12163	0.02981	0.34398	0.15009	0.00604	0.00828	0.01079	0.00546	0.00633
28	0.07270	0.01486	0.01783	0.01374	0.01925	0.01470	0.01135	0.25269	0.02435	0.44781	0.02337	0.02112	0.01521	0.00860	0.00700	0.00218	0.00663	0.00672	0.00800	0.01187
29	0.02641	0.01303	0.01563	0.01233	0.01703	0.01279	0.01007	0.20805	0.02275	0.37418	0.02398	0.02280	0.01625	0.00862	0.00666	0.00206	0.00593	0.00684	0.18368	0.01088
30	0.01478	0.01441	0.02029	0.01763	0.01782	0.01991	0.01460	0.01649	0.01098	0.01705	0.01078	0.01740	0.01059	0.01848	0.12598	0.00434	0.63125	0.00644	0.00322	0.00758
31	0.01306	0.00797	0.01032	0.01003	0.01214	0.00704	0.00732	0.01519	0.01632	0.12653	0.17986	0.38168	0.08137	0.01681	0.00827	0.00245	0.00433	0.01493	0.00700	0.07739
32	0.00925	0.00728	0.00846	0.00895	0.01085	0.00650	0.00693	0.01144	0.01635	0.02055	0.13093	0.16058	0.41079	0.01855	0.00879	0.00263	0.00424	0.14402	0.00674	0.00617
33	0.19480	0.08628	0.10778	0.07062	0.10817	0.07296	0.15399	0.08183	0.01685	0.02561	0.01253	0.01540	0.00970	0.00669	0.00644	0.00216	0.00906	0.00573	0.00395	0.00945
34	0.01075	0.00906	0.00961	0.00931	0.01140	0.04215	0.00694	0.01455	0.06843	0.02391	0.33813	0.11647	0.28137	0.01575	0.00828	0.00235	0.00415	0.01352	0.00705	0.00680
35	0.04029	0.01506	0.05541	0.01345	0.04216	0.07037	0.03101	0.04308	0.01627	0.02336	0.07929	0.06917	0.05203	0.01098	0.04588	0.00221	0.00708	0.00712	0.00475	0.37102
36	0.07454	0.04396	0.01815	0.06413	0.02041	0.11283	0.03566	0.11755	0.01835	0.05552	0.05710	0.01915	0.01476	0.02986	0.00806	0.00200	0.04763	0.00590	0.03010	0.22435
37	0.01645	0.05609	0.07854	0.03922	0.01952	0.01290	0.04383	0.08702	0.06165	0.07833	0.07465	0.10431	0.05186	0.00967	0.00686	0.00195	0.00634	0.00824	0.00549	0.23709
38	0.12283	0.06363	0.14161	0.06079	0.02264	0.07797	0.06950	0.05458	0.03862	0.04590	0.02016	0.04758	0.07892	0.00842	0.00653	0.00205	0.00785	0.00682	0.00451	0.11909
39	0.02021	0.14649	0.04881	0.01502	0.04307	0.01669	0.03666	0.14704	0.07119	0.14431	0.05879	0.10761	0.02018	0.00994	0.00751	0.00214	0.03359	0.00812	0.00593	0.05668
40	0.14611	0.08368	0.03837	0.04005	0.01833	0.04258	0.03520	0.06021	0.11425	0.06880	0.08966	0.10413	0.02199	0.00975	0.00661	0.00212	0.00632	0.00799	0.00556	0.09829
41	0.09585	0.25012	0.18916	0.01688	0.02365	0.07283	0.11445	0.02280	0.01545	0.06550	0.01289	0.01502	0.01009	0.00800	0.02824	0.00225	0.00931	0.00525	0.00374	0.03852
42	0.04975	0.15744	0.16041	0.01630	0.02247	0.01896	0.07290	0.19900	0.02076	0.08642	0.08567	0.01988	0.01672	0.00822	0.00730	0.00212	0.03380	0.00650	0.00522	0.01015

[dist]
# distance from previous block
# <min> <max>
4	50

[block]
# block no. 2 follows, 29 sequences, length 115
# corresponding to MSA columns:
# 175-212,216-292
name=unknown_C
#
# <colnr> <probs for GDERKNQSTAVLIFYWHMCP>
#	G	D	E	R	K	N	Q	S	T	A	V	L	I	F	Y	W	H	M	C	P
0	0.13482	0.08664	0.13326	0.01442	0.04127	0.06630	0.03338	0.02198	0.05885	0.08334	0.06451	0.04959	0.07748	0.00894	0.00647	0.00205	0.00705	0.00712	0.00498	0.09752
1	0.18100	0.07276	0.03700	0.08342	0.01760	0.01208	0.00956	0.01645	0.01475	0.02310	0.07107	0.08199	0.16285	0.01082	0.00655	0.00208	0.00561	0.02937	0.00500	0.15695
2	0.11403	0.01567	0.07868	0.01445	0.01816	0.05064	0.05271	0.03909	0.05959	0.09866	0.06513	0.12109	0.07073	0.01148	0.00988	0.00243	0.12762	0.00899	0.00539	0.03558
3	0.01781	0.06171	0.01877	0.01371	0.01868	0.03764	0.06682	0.10718	0.06124	0.08200	0.01957	0.12365	0.01751	0.01052	0.02998	0.00216	0.00697	0.00779	0.00536	0.29095
4	0.01907	0.50456	0.16430	0.01440	0.02116	0.04969	0.01504	0.08089	0.03589	0.02076	0.01168	0.01310	0.00974	0.00659	0.00536	0.00175	0.00832	0.00447	0.00354	0.00970
5	0.01327	0.01066	0.01217	0.03175	0.01498	0.01089	0.00866	0.03838	0.23001	0.02469	0.09315	0.21105	0.10424	0.01345	0.00756	0.00230	0.00483	0.01164	0.05080	0.10555
6	0.16689	0.14287	0.08587	0.01326	0.01873	0.01765	0.01211	0.16095	0.06551	0.15401	0.07926	0.02013	0.01716	0.00827	0.00628	0.00210	0.00674	0.00622	0.00591	0.01009
7	0.01740	0.04123	0.04124	0.01418	0.01976	0.01396	0.07220	0.11349	0.12647	0.05166	0.01866	0.07640	0.01568	0.00807	0.00653	0.00179	0.00650	0.00694	0.00533	0.34251
8	0.01034	0.00695	0.00798	0.00798	0.00806	0.00702	0.00459	0.01050	0.01042	0.01397	0.02224	0.04549	0.02541	0.70835	0.07699	0.00717	0.00763	0.01019	0.00428	0.00444
9	0.01267	0.00819	0.01029	0.00953	0.01175	0.00757	0.00721	0.03054	0.03702	0.10065	0.44818	0.11676	0.14229	0.01488	0.00827	0.00232	0.00392	0.01298	0.00763	0.00736
10	0.04521	0.07130	0.39454	0.01822	0.02646	0.03431	0.06484	0.06067	0.03961	0.15367	0.01624	0.01716	0.01132	0.00726	0.00677	0.00220	0.00919	0.00584	0.00457	0.01064
11	0.02100	0.01407	0.07538	0.01334	0.01781	0.01229	0.01149	0.05170	0.18962	0.27876	0.09269	0.09909	0.02679	0.01138	0.00762	0.00240	0.00599	0.05091	0.00740	0.01028
12	0.01973	0.01062	0.01317	0.01132	0.01488	0.01008	0.00918	0.10862	0.02067	0.25453	0.17898	0.04256	0.12039	0.01256	0.00779	0.00233	0.00528	0.09108	0.05712	0.00910
13	0.12820	0.01287	0.01560	0.01228	0.01736	0.01227	0.01009	0.11272	0.02076	0.47499	0.05613	0.02513	0.05114	0.00920	0.00692	0.00221	0.00598	0.00727	0.00788	0.01101
14	0.01914	0.50239	0.19010	0.01447	0.02139	0.06920	0.01543	0.02280	0.01529	0.05612	0.01163	0.01304	0.00958	0.00648	0.00533	0.00175	0.00853	0.00438	0.00339	0.00956
15	0.01768	0.01275	0.01422	0.01249	0.01602	0.01370	0.00974	0.12661	0.29124	0.09231	0.14100	0.08493	0.07294	0.01162	0.00750	0.00232	0.00527	0.00979	0.04813	0.00974
16	0.00983	0.00682	0.00854	0.00903	0.00937	0.00692	0.00577	0.01063	0.01151	0.01556	0.02681	0.24893	0.03075	0.41676	0.14533	0.00650	0.00817	0.01280	0.00490	0.00510
17	0.02998	0.01256	0.01647	0.01292	0.01822	0.01147	0.01058	0.03514	0.11322	0.61627	0.02822	0.02456	0.01819	0.00893	0.00717	0.00223	0.00600	0.00728	0.00860	0.01200
18	0.00863	0.00638	0.00807	0.00942	0.01020	0.00583	0.00639	0.00997	0.01410	0.01837	0.04522	0.62218	0.16616	0.02153	0.00897	0.00280	0.00404	0.01930	0.00661	0.00583
19	0.01904	0.75404	0.03731	0.01218	0.01828	0.02818	0.01218	0.02132	0.01447	0.01675	0.00990	0.01142	0.00914	0.00609	0.00457	0.00152	0.00761	0.00381	0.00305	0.00914
20	0.01586	0.01427	0.02256	0.53134	0.14984	0.01680	0.01931	0.10385	0.01702	0.02242	0.01334	0.01853	0.01011	0.00718	0.00711	0.00230	0.00912	0.00634	0.00373	0.00898
21	0.01773	0.01617	0.08504	0.03770	0.02171	0.01256	0.07444	0.09339	0.01754	0.09162	0.01549	0.03497	0.01217	0.00668	0.00625	0.00162	0.00688	0.00571	0.00483	0.43749
22	0.01327	0.00664	0.00664	0.00664	0.00830	0.00664	0.00498	0.01659	0.01493	0.02655	0.02323	0.02655	0.01825	0.00830	0.00498	0.00166	0.00332	0.00664	0.78928	0.00664
23	0.06327	0.00820	0.01085	0.07942	0.01547	0.00814	0.00865	0.01486	0.01469	0.10817	0.03443	0.47784	0.05944	0.01783	0.00837	0.00271	0.00509	0.04919	0.00642	0.00697
24	0.00987	0.00727	0.00923	0.00874	0.01051	0.00663	0.00655	0.01303	0.01966	0.02737	0.62170	0.05514	0.14780	0.01500	0.00840	0.00226	0.00339	0.01315	0.00768	0.00663
25	0.01327	0.00664	0.00664	0.00664	0.00830	0.00664	0.00498	0.01659	0.01493	0.02655	0.02323	0.02655	0.01825	0.00830	0.00498	0.00166	0.00332	0.00664	0.78928	0.00664
26	0.05712	0.01415	0.02267	0.52963	0.09218	0.01665	0.06121	0.08234	0.01628	0.02215	0.01310	0.01832	0.00986	0.00710	0.00705	0.00232	0.00921	0.00634	0.00366	0.00866
27	0.01361	0.01127	0.01247	0.01179	0.01472	0.01212	0.00917	0.02487	0.35065	0.02634	0.16343	0.07080	0.16111	0.01357	0.00800	0.00248	0.00486	0.07280	0.00715	0.00878
28	0.00860	0.00686	0.00771	0.00826	0.00993	0.00597	0.00591	0.01029	0.01554	0.01939	0.09604	0.30604	0.43572	0.01934	0.00865	0.00257	0.00378	0.01674	0.00668	0.00597
29	0.01822	0.36897	0.26536	0.01573	0.02303	0.05913	0.01713	0.06589	0.06614	0.02155	0.01281	0.01422	0.01022	0.00681	0.00578	0.00190	0.00875	0.00483	0.00364	0.00992
30	0.01329	0.01043	0.05685	0.01370	0.06450	0.00879	0.00991	0.01681	0.06066	0.10513	0.05516	0.44203	0.05881	0.01716	0.00841	0.00265	0.00524	0.03627	0.00650	0.00770
31	0.01019	0.00756	0.01109	0.01109	0.01224	0.00871	0.00846	0.01249	0.01134	0.01627	0.01939	0.02975	0.01857	0.11999	0.65600	0.01101	0.01791	0.00789	0.00386	0.00616
32	0.01565	0.01555	0.02512	0.43359	0.24688	0.05307	0.06870	0.02018	0.01534	0.02004	0.01292	0.01827	0.01012	0.00681	0.00716	0.00227	0.00954	0.00640	0.00333	0.00908
33	0.01604	0.01628	0.02836	0.30742	0.25610	0.03987	0.16674	0.02070	0.01553	0.02079	0.01312	0.01828	0.01034	0.00681	0.00790	0.00230	0.03391	0.00673	0.00339	0.00938
34	0.01984	0.03962	0.06260	0.17669	0.29474	0.03879	0.05276	0.02440	0.03181	0.16461	0.01647	0.01907	0.01217	0.00712	0.00705	0.00219	0.00853	0.00646	0.00460	0.01046
35	0.01055	0.00762	0.01002	0.07809	0.01305	0.00823	0.00703	0.01169	0.01110	0.01505	0.02116	0.06056	0.02291	0.47901	0.20730	0.00750	0.01017	0.00958	0.00415	0.00522
36	0.48994	0.01301	0.01272	0.10691	0.01886	0.01433	0.00949	0.03681	0.01410	0.02891	0.07699	0.01713	0.01415	0.00730	0.00534	0.00207	0.00587	0.00517	0.00461	0.11627
37	0.00966	0.00757	0.01155	0.01163	0.01276	0.00709	0.07081	0.01144	0.01421	0.01911	0.08460	0.58027	0.04376	0.06647	0.01070	0.00305	0.00500	0.01794	0.00627	0.00612
38	0.02191	0.04229	0.02085	0.03989	0.13036	0.01856	0.01380	0.31242	0.16305	0.07108	0.02192	0.02199	0.05001	0.00871	0.00707	0.00216	0.00713	0.00707	0.00630	0.03342
39	0.01731	0.01206	0.01449	0.01098	0.01633	0.00994	0.00877	0.04479	0.03968	0.13502	0.12611	0.02291	0.02118	0.00759	0.00621	0.00151	0.00520	0.00628	0.00574	0.48790
40	0.01526	0.02169	0.23483	0.05496	0.08801	0.01494	0.23270	0.02087	0.01580	0.04183	0.01820	0.06732	0.03656	0.00818	0.00751	0.00227	0.00943	0.02760	0.00398	0.07806
41	0.01237	0.00618	0.00928	0.00928	0.00928	0.00618	0.00618	0.00928	0.00928	0.01237	0.01237	0.02165	0.01237	0.02474	0.02783	0.79283	0.00618	0.00618	0.00309	0.00309
42	0.01345	0.00823	0.01050	0.01028	0.01251	0.00759	0.00820	0.01605	0.01731	0.12508	0.20678	0.05951	0.18031	0.08625	0.01131	0.00302	0.00511	0.20440	0.00701	0.00710
43	0.02552	0.01088	0.01430	0.01161	0.01596	0.00967	0.00933	0.05060	0.01963	0.49280	0.08085	0.09790	0.06607	0.01106	0.00740	0.00225	0.00544	0.00926	0.04900	0.01045
44	0.01904	0.75404	0.03731	0.01218	0.01828	0.02818	0.01218	0.02132	0.01447	0.01675	0.00990	0.01142	0.00914	0.00609	0.00457	0.00152	0.00761	0.00381	0.00305	0.00914
45	0.01017	0.00763	0.01144	0.01144	0.01272	0.00890	0.00890	0.01272	0.01144	0.01653	0.01907	0.02797	0.01780	0.05340	0.72153	0.01144	0.01907	0.00763	0.00381	0.00636
46	0.02820	0.01197	0.01563	0.01223	0.01725	0.01070	0.01001	0.07891	0.02094	0.55964	0.06658	0.02945	0.08529	0.00997	0.00734	0.00222	0.00581	0.00816	0.00843	0.01125
47	0.01259	0.00777	0.01002	0.01047	0.01165	0.00756	0.00782	0.01422	0.01396	0.08374	0.03085	0.15320	0.03351	0.31314	0.02012	0.00458	0.00631	0.24653	0.00588	0.00608
48	0.00868	0.00620	0.00826	0.00991	0.01033	0.00578	0.00661	0.00991	0.01363	0.01818	0.03925	0.74510	0.04710	0.02231	0.00909	0.00289	0.00413	0.02024	0.00661	0.00578
49	0.01327	0.00664	0.00664	0.00664	0.00830	0.00664	0.00498	0.01659	0.01493	0.02655	0.02323	0.02655	0.01825	0.00830	0.00498	0.00166	0.00332	0.00664	0.78928	0.00664
50	0.02399	0.01437	0.01734	0.08248	0.02098	0.04009	0.01191	0.16809	0.05899	0.29416	0.02392	0.02638	0.04070	0.06409	0.01044	0.00265	0.05408	0.02827	0.00678	0.01028
51	0.01762	0.01692	0.02890	0.04371	0.70533	0.01692	0.02185	0.02185	0.01621	0.02326	0.01339	0.01762	0.01128	0.00634	0.00705	0.00211	0.00846	0.00634	0.00352	0.01128
52	0.01690	0.01082	0.01125	0.00994	0.01283	0.01166	0.00778	0.16141	0.12490	0.03095	0.02282	0.02454	0.01749	0.00856	0.00579	0.00188	0.00464	0.00681	0.50049	0.00853
53	0.00993	0.00813	0.01305	0.01276	0.01424	0.00760	0.09976	0.01196	0.01431	0.01902	0.03690	0.58666	0.06502	0.01977	0.00901	0.00283	0.00532	0.05118	0.00619	0.00636
54	0.24028	0.01405	0.01560	0.01237	0.01751	0.01429	0.01020	0.16587	0.02071	0.36621	0.02069	0.01935	0.01378	0.00814	0.00634	0.00217	0.00620	0.00609	0.02940	0.01076
55	0.02834	0.01330	0.01658	0.01289	0.01810	0.01252	0.01059	0.17323	0.02279	0.49033	0.03045	0.02747	0.09047	0.00975	0.00729	0.00221	0.00618	0.00785	0.00821	0.01146
56	0.01515	0.01288	0.01497	0.01073	0.01704	0.00989	0.00860	0.03869	0.01535	0.02388	0.01280	0.01484	0.01060	0.00538	0.00533	0.00109	0.00535	0.00429	0.00431	0.76885
57	0.01364	0.01145	0.01564	0.01295	0.01648	0.01074	0.05469	0.01613	0.01416	0.04345	0.02132	0.24944	0.02233	0.01196	0.00945	0.00208	0.11356	0.01003	0.00493	0.34559
58	0.01327	0.00664	0.00664	0.00664	0.00830	0.00664	0.00498	0.01659	0.01493	0.02655	0.02323	0.02655	0.01825	0.00830	0.00498	0.00166	0.00332	0.00664	0.78928	0.00664
59	0.03154	0.01277	0.01693	0.01298	0.01850	0.01143	0.01072	0.08818	0.02146	0.65526	0.02718	0.02365	0.01717	0.00879	0.00716	0.00220	0.00621	0.00710	0.00867	0.01212
60	0.01738	0.01213	0.01386	0.01234	0.01583	0.01290	0.00959	0.02910	0.36513	0.13792	0.19150	0.06020	0.06826	0.01157	0.00763	0.00236	0.00500	0.00985	0.00758	0.00986
61	0.07821	0.01616	0.01789	0.01427	0.01931	0.01731	0.01163	0.33925	0.13806	0.19244	0.06438	0.02221	0.01816	0.00904	0.00705	0.00221	0.00662	0.00709	0.00739	0.01133
62	0.01421	0.01208	0.01286	0.01198	0.01523	0.01316	0.00925	0.02716	0.42361	0.02611	0.07664	0.06685	0.21424	0.01302	0.00778	0.00245	0.00493	0.03217	0.00706	0.00923
63	0.01032	0.00696	0.00801	0.00793	0.00817	0.00688	0.00465	0.01079	0.01173	0.01587	0.11750	0.04752	0.03167	0.64685	0.03235	0.00625	0.00641	0.01071	0.00481	0.00465
64	0.01035	0.00779	0.00885	0.00836	0.01067	0.00694	0.00634	0.03382	0.01846	0.04355	0.31846	0.05953	0.40893	0.01609	0.00833	0.00232	0.00372	0.01367	0.00718	0.00666
65	0.02687	0.01297	0.01621	0.01308	0.01800	0.01258	0.01059	0.05587	0.19893	0.47234	0.06305	0.02613	0.02112	0.00933	0.00725	0.00226	0.00587	0.00767	0.00829	0.01161
66	0.05552	0.01258	0.01659	0.01276	0.01824	0.01124	0.01054	0.06798	0.02081	0.65456	0.02696	0.02347	0.01703	0.00873	0.00707	0.00220	0.00613	0.00702	0.00859	0.01198
67	0.01036	0.00690	0.00777	0.00777	0.00777	0.00690	0.00431	0.01036	0.01036	0.01381	0.02244	0.04660	0.02589	0.74975	0.03624	0.00690	0.00690	0.01036	0.00431	0.00431
68	0.01428	0.03683	0.71286	0.02030	0.03082	0.01654	0.02631	0.02255	0.01503	0.02255	0.01278	0.01503	0.00902	0.00677	0.00677	0.00226	0.01052	0.00526	0.00301	0.01052
69	0.01024	0.00685	0.00780	0.00791	0.00794	0.00683	0.00447	0.01032	0.01058	0.01411	0.02360	0.09489	0.02735	0.69945	0.03437	0.00663	0.00671	0.01104	0.00447	0.00442
70	0.01346	0.00805	0.01047	0.00942	0.01177	0.00727	0.00722	0.01660	0.01990	0.13700	0.54739	0.04969	0.10605	0.01389	0.00820	0.00225	0.00381	0.01212	0.00790	0.00753
71	0.01033	0.00773	0.01120	0.01112	0.01218	0.00895	0.00844	0.01250	0.01128	0.01617	0.01929	0.03023	0.01871	0.14856	0.60930	0.01061	0.03545	0.00797	0.00387	0.00611
72	0.00884	0.00699	0.00796	0.00822	0.01000	0.00611	0.00597	0.01084	0.01647	0.02100	0.20042	0.22318	0.41222	0.01828	0.00857	0.00248	0.00368	0.01578	0.00688	0.00611
73	0.01147	0.00820	0.01147	0.01311	0.01475	0.00820	0.01147	0.01475	0.01639	0.02131	0.03770	0.08032	0.04098	0.01967	0.00984	0.00328	0.00656	0.65741	0.00656	0.00656
74	0.01858	0.68545	0.10191	0.01296	0.01948	0.02706	0.01353	0.02144	0.01452	0.01731	0.01017	0.01177	0.00913	0.00616	0.00478	0.00159	0.00789	0.00395	0.00304	0.00927
75	0.01710	0.01505	0.02510	0.23693	0.42092	0.01615	0.01984	0.02122	0.01556	0.06815	0.01417	0.01866	0.01130	0.00832	0.02782	0.00250	0.04093	0.00643	0.00377	0.01008
76	0.01475	0.01436	0.02022	0.01759	0.01778	0.01984	0.01456	0.01646	0.01099	0.01704	0.01083	0.01747	0.01064	0.01872	0.13015	0.00439	0.62696	0.00645	0.00322	0.00757
77	0.01026	0.00729	0.00970	0.00970	0.01037	0.00795	0.00673	0.01160	0.01093	0.01524	0.02067	0.03679	0.02163	0.38321	0.39697	0.00929	0.01331	0.00892	0.00405	0.00539
78	0.01043	0.00751	0.00952	0.01053	0.01145	0.00734	0.00727	0.07414	0.01553	0.02073	0.03713	0.67549	0.04375	0.02099	0.00890	0.00282	0.00449	0.01892	0.00666	0.00639
79	0.08288	0.01522	0.08422	0.22602	0.06310	0.01440	0.01492	0.04290	0.03831	0.10575	0.05898	0.02040	0.01493	0.00802	0.00785	0.00217	0.06109	0.00635	0.02996	0.10251
80	0.02044	0.10469	0.09109	0.14305	0.04682	0.01815	0.07890	0.12971	0.10618	0.13821	0.01776	0.01912	0.01291	0.00785	0.00749	0.00222	0.03332	0.00650	0.00527	0.01035
81	0.10083	0.08630	0.04665	0.07003	0.10717	0.01965	0.03404	0.01868	0.01262	0.01986	0.01107	0.01610	0.00996	0.01227	0.05916	0.00316	0.35479	0.00588	0.00336	0.00841
82	0.33912	0.01828	0.01783	0.14595	0.12701	0.14869	0.01357	0.07066	0.01620	0.02641	0.01167	0.01446	0.00917	0.00694	0.00587	0.00215	0.00821	0.00500	0.00411	0.00871
83	0.03924	0.01080	0.01319	0.01114	0.01493	0.01034	0.00880	0.02665	0.13342	0.31852	0.15775	0.03483	0.09316	0.03348	0.00821	0.00237	0.00508	0.00912	0.05930	0.00968
84	0.01900	0.01594	0.01683	0.01475	0.01901	0.01831	0.01158	0.12676	0.60144	0.03187	0.02734	0.02526	0.02041	0.00951	0.00723	0.00238	0.00594	0.00782	0.00723	0.01139
85	0.00914	0.00653	0.00876	0.01020	0.01087	0.00615	0.00719	0.01082	0.01458	0.01953	0.10240	0.60145	0.04830	0.02126	0.00911	0.00287	0.00434	0.09381	0.00672	0.00596
86	0.01020	0.00757	0.00954	0.00899	0.01083	0.00705	0.00676	0.01402	0.04434	0.02771	0.61682	0.05368	0.12627	0.01471	0.00836	0.00226	0.00347	0.01291	0.00770	0.00682
87	0.77431	0.01373	0.01082	0.03303	0.01492	0.01597	0.00811	0.02084	0.01219	0.03150	0.01000	0.01181	0.00777	0.00663	0.00450	0.00221	0.00564	0.00394	0.00437	0.00772
88	0.02644	0.01691	0.06300	0.01454	0.02010	0.01593	0.01256	0.33413	0.02613	0.28986	0.08637	0.02308	0.01923	0.00911	0.00724	0.00218	0.00692	0.00723	0.00756	0.01150
89	0.01019	0.00701	0.00816	0.00816	0.00849	0.00707	0.00494	0.01062	0.01092	0.01453	0.02570	0.04601	0.07477	0.61347	0.11526	0.00711	0.00810	0.01038	0.00442	0.00468
90	0.15474	0.01487	0.01656	0.01307	0.01833	0.05113	0.01072	0.14166	0.02125	0.45134	0.02239	0.02038	0.01464	0.00833	0.00667	0.00217	0.00663	0.00636	0.00754	0.01120
91	0.01520	0.01511	0.02143	0.58139	0.08632	0.08344	0.01887	0.02048	0.05209	0.01908	0.01344	0.01873	0.01025	0.00723	0.00705	0.00231	0.00954	0.00626	0.00346	0.00834
92	0.01299	0.01151	0.01846	0.46667	0.10110	0.01354	0.01587	0.01647	0.01340	0.01756	0.01531	0.02584	0.01391	0.18853	0.03785	0.00375	0.00908	0.00735	0.00350	0.00731
93	0.01891	0.01459	0.08182	0.01323	0.01714	0.05683	0.01147	0.02454	0.10924	0.21594	0.18330	0.08035	0.03215	0.01198	0.00829	0.00240	0.03037	0.07124	0.00694	0.00927
94	0.00882	0.00638	0.00817	0.00947	0.01008	0.00592	0.00633	0.01010	0.01386	0.01831	0.06397	0.60511	0.10889	0.07523	0.01100	0.00312	0.00426	0.01876	0.00648	0.00573
95	0.01992	0.01683	0.01702	0.01471	0.01885	0.05470	0.01149	0.18814	0.45730	0.03169	0.02481	0.02490	0.01907	0.05698	0.00904	0.00261	0.00661	0.00763	0.00684	0.01086
96	0.00934	0.00718	0.00885	0.00930	0.01061	0.00667	0.00660	0.01112	0.01527	0.02026	0.16127	0.38516	0.20977	0.04309	0.01001	0.00273	0.02672	0.01634	0.00656	0.03315
97	0.07726	0.02349	0.10407	0.01472	0.01882	0.32329	0.01251	0.02261	0.01815	0.06557	0.11612	0.07379	0.08029	0.01026	0.00699	0.00212	0.00885	0.00791	0.00501	0.00818
98	0.01904	0.75404	0.03731	0.01218	0.01828	0.02818	0.01218	0.02132	0.01447	0.01675	0.00990	0.01142	0.00914	0.00609	0.00457	0.00152	0.00761	0.00381	0.00305	0.00914
99	0.00887	0.00723	0.00785	0.00769	0.00990	0.00621	0.00577	0.01111	0.01731	0.02181	0.24573	0.06430	0.52724	0.01707	0.00841	0.00236	0.00354	0.01443	0.00695	0.00621
100	0.01640	0.01801	0.03534	0.02627	0.03110	0.01926	0.46022	0.02094	0.01486	0.02094	0.01274	0.01801	0.01032	0.00814	0.01335	0.00264	0.25134	0.00769	0.00344	0.00900
101	0.01477	0.01401	0.02375	0.51431	0.25703	0.01617	0.02043	0.01935	0.01486	0.01980	0.01289	0.01855	0.01006	0.00687	0.00710	0.00229	0.00916	0.00633	0.00328	0.00898
102	0.01558	0.01558	0.02181	0.01869	0.01869	0.02181	0.01558	0.01714	0.01091	0.01714	0.00935	0.01558	0.00935	0.01246	0.02337	0.00312	0.73672	0.00623	0.00312	0.00779
103	0.01036	0.00690	0.00777	0.00777	0.00777	0.00690	0.00431	0.01036	0.01036	0.01381	0.02244	0.04660	0.02589	0.74975	0.03624	0.00690	0.00690	0.01036	0.00431	0.00431
104	0.01034	0.00697	0.00812	0.00812	0.00824	0.00709	0.00475	0.01058	0.01046	0.01407	0.02211	0.04482	0.02511	0.68316	0.10177	0.00734	0.00807	0.01009	0.00427	0.00451
105	0.00877	0.00638	0.00809	0.00941	0.01005	0.00590	0.00629	0.00999	0.01372	0.01799	0.04223	0.60688	0.12958	0.07535	0.01100	0.00312	0.00427	0.01885	0.00644	0.00570
106	0.01768	0.01907	0.02150	0.01863	0.01933	0.15485	0.01523	0.01929	0.01267	0.01719	0.00966	0.01506	0.00931	0.01149	0.02014	0.00287	0.59901	0.00592	0.00322	0.00788
107	0.34404	0.00978	0.00885	0.00827	0.01109	0.01059	0.00649	0.01776	0.01483	0.02924	0.15848	0.02577	0.02397	0.00889	0.00545	0.00201	0.00425	0.00676	0.29638	0.00711
108	0.01327	0.00664	0.00664	0.00664	0.00830	0.00664	0.00498	0.01659	0.01493	0.02655	0.02323	0.02655	0.01825	0.00830	0.00498	0.00166	0.00332	0.00664	0.78928	0.00664
109	0.01046	0.00689	0.00773	0.00773	0.00779	0.00689	0.00434	0.01058	0.01052	0.01427	0.02246	0.04587	0.02561	0.72267	0.03510	0.00671	0.00677	0.01022	0.03299	0.00440
110	0.01443	0.01355	0.02230	0.56971	0.15818	0.01613	0.01958	0.02008	0.05829	0.01980	0.01383	0.01924	0.01058	0.00715	0.00712	0.00233	0.00907	0.00644	0.00349	0.00870
111	0.01857	0.01489	0.01605	0.01410	0.01839	0.01665	0.01103	0.03632	0.59927	0.07950	0.02786	0.02563	0.02071	0.00932	0.00711	0.00231	0.00564	0.00774	0.00717	0.06174
112	0.01852	0.58203	0.03184	0.01233	0.01758	0.09148	0.01158	0.02091	0.01580	0.01845	0.10555	0.01733	0.01716	0.00738	0.00528	0.00165	0.00753	0.00513	0.00377	0.00872
113	0.59874	0.08771	0.11020	0.01122	0.01666	0.01709	0.01077	0.02152	0.01294	0.04517	0.01074	0.01233	0.00826	0.00663	0.00481	0.00215	0.00642	0.00412	0.00419	0.00834
114	0.80005	0.01377	0.01047	0.00936	0.01377	0.01597	0.00771	0.02093	0.01212	0.03195	0.00991	0.01157	0.00771	0.00661	0.00441	0.00220	0.00551	0.00386	0.00441	0.00771

[dist]
# distance from previous block
# <min> <max>
1	36

[block]
# block no. 3 follows, 29 sequences, length 27
# corresponding to MSA columns:
# 329-355
name=unknown_D
#
# <colnr> <probs for GDERKNQSTAVLIFYWHMCP>
#	G	D	E	R	K	N	Q	S	T	A	V	L	I	F	Y	W	H	M	C	P
0	0.06237	0.11135	0.01730	0.01201	0.01613	0.01384	0.00994	0.06636	0.08368	0.23203	0.13938	0.06464	0.05263	0.01068	0.00759	0.00220	0.03082	0.02483	0.00678	0.03546
1	0.09780	0.12272	0.06349	0.01390	0.01956	0.07903	0.01220	0.14962	0.04723	0.24909	0.01834	0.01781	0.01289	0.00772	0.00632	0.00200	0.00737	0.00574	0.00609	0.06109
2	0.01762	0.01692	0.02890	0.04371	0.70533	0.01692	0.02185	0.02185	0.01621	0.02326	0.01339	0.01762	0.01128	0.00634	0.00705	0.00211	0.00846	0.00634	0.00352	0.01128
3	0.00970	0.00726	0.00899	0.00856	0.01040	0.00656	0.00642	0.01270	0.01925	0.02641	0.55666	0.05672	0.21344	0.01536	0.00840	0.00228	0.00342	0.01337	0.00756	0.00656
4	0.01402	0.11434	0.02660	0.18972	0.02969	0.01536	0.23225	0.01789	0.01504	0.01963	0.02064	0.20637	0.02073	0.01099	0.00780	0.00243	0.00858	0.03557	0.00431	0.00804
5	0.00999	0.00735	0.01059	0.01082	0.01183	0.00825	0.00807	0.01207	0.01162	0.01645	0.02221	0.12812	0.02272	0.12802	0.54653	0.00976	0.01565	0.00966	0.00425	0.00605
6	0.02700	0.02186	0.02121	0.01665	0.02207	0.11765	0.01356	0.59230	0.03166	0.04112	0.01626	0.01651	0.01171	0.00838	0.00703	0.00210	0.00852	0.00616	0.00665	0.01158
7	0.02660	0.03394	0.02018	0.01834	0.02201	0.72116	0.01376	0.02843	0.02018	0.01743	0.01101	0.01284	0.00917	0.00734	0.00642	0.00183	0.01284	0.00459	0.00367	0.00825
8	0.01019	0.00758	0.01118	0.01118	0.01236	0.00876	0.00857	0.01255	0.01137	0.01634	0.01931	0.02930	0.01838	0.10287	0.67285	0.01112	0.01821	0.00782	0.00385	0.00621
9	0.02707	0.01995	0.02137	0.01638	0.02208	0.02208	0.01353	0.68159	0.03348	0.04488	0.01710	0.01710	0.01211	0.00855	0.00712	0.00214	0.00784	0.00641	0.00712	0.01211
10	0.01033	0.00700	0.00823	0.00823	0.00839	0.00716	0.00490	0.01065	0.01049	0.01415	0.02201	0.04423	0.02486	0.66135	0.12324	0.00748	0.00845	0.01001	0.00425	0.00457
11	0.00899	0.00637	0.00839	0.00987	0.01031	0.00602	0.00664	0.01022	0.01346	0.01791	0.03750	0.64047	0.04467	0.09395	0.01181	0.00331	0.00454	0.05349	0.00638	0.00568
12	0.02006	0.00958	0.01262	0.01082	0.01436	0.00849	0.00871	0.02292	0.01937	0.34065	0.24369	0.04447	0.12825	0.01286	0.00797	0.00234	0.00494	0.07082	0.00800	0.00909
13	0.01681	0.01921	0.04202	0.03001	0.03721	0.01801	0.67947	0.02281	0.01681	0.02281	0.01441	0.01921	0.01080	0.00600	0.00840	0.00240	0.01200	0.00840	0.00360	0.00960
14	0.02614	0.01817	0.01989	0.01557	0.02092	0.01981	0.01275	0.52568	0.09295	0.11821	0.02019	0.04285	0.01479	0.00914	0.00720	0.00220	0.00731	0.00711	0.00731	0.01182
15	0.02171	0.01135	0.01406	0.01148	0.01550	0.01069	0.00921	0.13081	0.02190	0.31308	0.22684	0.03731	0.12183	0.01165	0.00768	0.00223	0.00524	0.00973	0.00796	0.00975
16	0.01841	0.01371	0.01500	0.01329	0.01725	0.01508	0.01039	0.03362	0.50420	0.12176	0.06605	0.03149	0.08708	0.01057	0.00740	0.00238	0.00539	0.00882	0.00743	0.01067
17	0.01432	0.01354	0.02293	0.58931	0.18558	0.01605	0.02021	0.01895	0.01465	0.01925	0.01281	0.01870	0.00986	0.00696	0.00710	0.00232	0.00928	0.00633	0.00324	0.00861
18	0.02668	0.01210	0.01577	0.01263	0.01735	0.01139	0.01030	0.09101	0.04690	0.48901	0.02823	0.02655	0.05408	0.01541	0.10489	0.00348	0.00786	0.00761	0.00779	0.01097
19	0.01384	0.00790	0.01073	0.01114	0.01293	0.00735	0.00856	0.01607	0.01619	0.14866	0.09873	0.37892	0.04195	0.01841	0.00885	0.00280	0.00503	0.17756	0.00712	0.00724
20	0.00926	0.00666	0.00871	0.01000	0.01076	0.00627	0.00708	0.01090	0.01444	0.01918	0.08993	0.51760	0.08317	0.06794	0.01085	0.00313	0.00456	0.10714	0.00655	0.00588
21	0.15149	0.04035	0.02910	0.01097	0.01374	0.03477	0.00865	0.03476	0.08408	0.08268	0.02496	0.17398	0.02455	0.11780	0.01114	0.00304	0.00589	0.06557	0.07484	0.00763
22	0.01821	0.01497	0.01619	0.04101	0.01918	0.01688	0.01129	0.16885	0.43125	0.03097	0.03040	0.06369	0.08416	0.01074	0.00742	0.00238	0.00598	0.00889	0.00698	0.01056
23	0.01077	0.00835	0.01034	0.03733	0.01318	0.00813	0.00762	0.01474	0.09595	0.02082	0.10190	0.40680	0.07195	0.07269	0.01039	0.00286	0.00473	0.01500	0.00628	0.08017
24	0.07097	0.01556	0.06942	0.10928	0.02251	0.01484	0.01275	0.20711	0.04724	0.19411	0.03833	0.05859	0.01741	0.07837	0.00979	0.00269	0.00721	0.00762	0.00626	0.00994
25	0.07872	0.21844	0.02286	0.04045	0.01957	0.05252	0.04690	0.08171	0.06493	0.10657	0.04436	0.02024	0.03812	0.01058	0.04977	0.00249	0.00789	0.00614	0.00503	0.08271
26	0.16555	0.01669	0.03625	0.07761	0.08632	0.07812	0.07638	0.11677	0.03568	0.12138	0.01912	0.05441	0.03211	0.00871	0.00682	0.00225	0.00778	0.02432	0.02425	0.00949

[dist]
# distance from previous block
# <min> <max>
0	47

[block]
# block no. 4 follows, 29 sequences, length 25
# corresponding to MSA columns:
# 407-431
name=unknown_E
#
# <colnr> <probs for GDERKNQSTAVLIFYWHMCP>
#	G	D	E	R	K	N	Q	S	T	A	V	L	I	F	Y	W	H	M	C	P
0	0.13866	0.01445	0.01620	0.04779	0.01880	0.03991	0.01079	0.10227	0.01715	0.12499	0.01727	0.03844	0.03555	0.00843	0.00841	0.00199	0.10398	0.00606	0.00520	0.24367
1	0.10516	0.01322	0.01696	0.07275	0.17190	0.01293	0.01208	0.02115	0.09576	0.02485	0.01759	0.01985	0.03564	0.00709	0.00602	0.00180	0.00611	0.00589	0.08955	0.26371
2	0.01894	0.01908	0.02398	0.01821	0.02388	0.13349	0.18735	0.10037	0.05859	0.02486	0.01421	0.01662	0.01119	0.00672	0.00729	0.00182	0.03537	0.00594	0.00445	0.28764
3	0.01955	0.01733	0.04695	0.04510	0.02599	0.01659	0.21384	0.19422	0.09182	0.06583	0.04233	0.02003	0.01459	0.00745	0.00724	0.00208	0.00830	0.00704	0.00540	0.14832
4	0.18125	0.01781	0.01800	0.01427	0.01954	0.05259	0.01168	0.37496	0.05212	0.14125	0.01739	0.01718	0.01227	0.00809	0.00651	0.00213	0.00718	0.00593	0.00659	0.03326
5	0.01118	0.00889	0.01221	0.01521	0.10460	0.00891	0.00955	0.01529	0.09830	0.02050	0.03441	0.51506	0.03876	0.01843	0.00864	0.00275	0.00506	0.05873	0.00627	0.00725
6	0.02387	0.11282	0.01920	0.01333	0.01816	0.01598	0.01101	0.12155	0.19757	0.28776	0.04718	0.06073	0.01998	0.00953	0.00697	0.00220	0.00621	0.00771	0.00725	0.01099
7	0.01773	0.01207	0.01406	0.01219	0.01567	0.01266	0.00955	0.09253	0.25567	0.13292	0.29724	0.03593	0.03837	0.01138	0.00768	0.00228	0.00501	0.00969	0.00771	0.00966
8	0.02789	0.01177	0.01576	0.01274	0.01756	0.01059	0.01058	0.06477	0.02052	0.55018	0.06159	0.03278	0.02288	0.01053	0.00758	0.00235	0.00609	0.09438	0.00838	0.01111
9	0.00886	0.00634	0.00843	0.00979	0.01037	0.00591	0.00662	0.01039	0.01451	0.01957	0.12784	0.65255	0.04978	0.02127	0.00900	0.00280	0.00403	0.01926	0.00677	0.00591
10	0.01560	0.00994	0.01566	0.01404	0.01698	0.00927	0.09896	0.01874	0.01725	0.16256	0.12801	0.19065	0.03716	0.01542	0.00874	0.00271	0.00624	0.21727	0.00682	0.00797
11	0.32328	0.02199	0.01771	0.01777	0.10439	0.25877	0.01241	0.12075	0.01854	0.02778	0.01178	0.01357	0.00931	0.00711	0.00583	0.00206	0.00873	0.00479	0.00444	0.00899
12	0.01237	0.00618	0.00928	0.00928	0.00928	0.00618	0.00618	0.00928	0.00928	0.01237	0.01237	0.02165	0.01237	0.02474	0.02783	0.79283	0.00618	0.00618	0.00309	0.00309
13	0.01710	0.01639	0.02796	0.12994	0.62318	0.01678	0.02159	0.02140	0.01597	0.02263	0.01330	0.01779	0.01106	0.00644	0.00706	0.00215	0.00859	0.00634	0.00348	0.01086
14	0.01701	0.37683	0.29669	0.01564	0.02318	0.02226	0.01754	0.02401	0.10538	0.02075	0.01357	0.01485	0.01078	0.00683	0.00578	0.00193	0.00848	0.00494	0.00359	0.00996
15	0.01348	0.00792	0.00850	0.00829	0.01022	0.00840	0.00631	0.01895	0.10513	0.02573	0.02348	0.02673	0.01866	0.01413	0.09498	0.00299	0.00560	0.00695	0.58635	0.00722
16	0.03195	0.01212	0.01652	0.01267	0.01818	0.01047	0.01047	0.03470	0.02038	0.71026	0.02809	0.02424	0.01763	0.00881	0.00716	0.00220	0.00606	0.00716	0.00881	0.01212
17	0.01508	0.01409	0.02257	0.46182	0.21143	0.01635	0.01916	0.02175	0.10546	0.02103	0.01503	0.01965	0.01158	0.00726	0.00712	0.00231	0.00871	0.00656	0.00380	0.00921
18	0.01629	0.01309	0.01449	0.03938	0.01736	0.06251	0.01061	0.10101	0.10823	0.06078	0.02698	0.21690	0.02691	0.01369	0.00836	0.00245	0.03099	0.11722	0.00611	0.10666
19	0.00932	0.00693	0.00871	0.00917	0.01054	0.00632	0.00667	0.01161	0.01685	0.02261	0.30451	0.30467	0.18521	0.01829	0.00872	0.00256	0.00385	0.05013	0.00709	0.00624
20	0.01761	0.53828	0.24054	0.01462	0.02205	0.02467	0.01643	0.02169	0.01464	0.01850	0.01077	0.01251	0.00910	0.00629	0.00523	0.00174	0.00849	0.00424	0.00303	0.00955
21	0.01327	0.00664	0.00664	0.00664	0.00830	0.00664	0.00498	0.01659	0.01493	0.02655	0.02323	0.02655	0.01825	0.00830	0.00498	0.00166	0.00332	0.00664	0.78928	0.00664
22	0.04789	0.01604	0.01592	0.01412	0.01744	0.08958	0.01110	0.20871	0.17706	0.02865	0.02327	0.06874	0.02119	0.10373	0.01164	0.00299	0.03190	0.09480	0.00610	0.00915
23	0.20049	0.01962	0.17737	0.01774	0.11105	0.03605	0.01476	0.10771	0.01708	0.06351	0.01612	0.02150	0.01328	0.06204	0.00850	0.00254	0.00763	0.03752	0.05619	0.00929
24	0.18556	0.01518	0.01714	0.12489	0.06293	0.03672	0.01217	0.20405	0.01979	0.07212	0.03832	0.01966	0.01368	0.06060	0.00846	0.00242	0.00720	0.00613	0.00526	0.08774

[dist]
# distance from previous block
# <min> <max>
2	20

[block]
# block no. 5 follows, 29 sequences, length 20
# corresponding to MSA columns:
# 452-471
name=unknown_F
#
# <colnr> <probs for GDERKNQSTAVLIFYWHMCP>
#	G	D	E	R	K	N	Q	S	T	A	V	L	I	F	Y	W	H	M	C	P
0	0.09231	0.14791	0.18304	0.06613	0.02304	0.03706	0.06827	0.01974	0.01519	0.03969	0.02153	0.05100	0.08670	0.00926	0.00669	0.00216	0.00790	0.05492	0.00424	0.06321
1	0.02236	0.01834	0.01889	0.01565	0.02019	0.06261	0.01256	0.34729	0.27554	0.03527	0.02095	0.02081	0.01567	0.01114	0.04140	0.00270	0.03388	0.00696	0.00666	0.01114
2	0.01327	0.00664	0.00664	0.00664	0.00830	0.00664	0.00498	0.01659	0.01493	0.02655	0.02323	0.02655	0.01825	0.00830	0.00498	0.00166	0.00332	0.00664	0.78928	0.00664
3	0.01720	0.00869	0.01027	0.00922	0.01194	0.00849	0.00719	0.02147	0.06526	0.18448	0.08499	0.03018	0.05114	0.01311	0.06397	0.00271	0.00541	0.00783	0.38825	0.00820
4	0.01814	0.06520	0.14857	0.01668	0.02237	0.01663	0.09702	0.13677	0.18020	0.07030	0.05209	0.07718	0.04763	0.00971	0.00734	0.00230	0.00756	0.00839	0.00578	0.01016
5	0.01436	0.01193	0.01916	0.44378	0.08437	0.01396	0.01681	0.01838	0.01516	0.06274	0.05470	0.06194	0.01883	0.01007	0.00838	0.00251	0.04283	0.08766	0.00437	0.00808
6	0.03195	0.01212	0.01652	0.01267	0.01818	0.01047	0.01047	0.03470	0.02038	0.71026	0.02809	0.02424	0.01763	0.00881	0.00716	0.00220	0.00606	0.00716	0.00881	0.01212
7	0.01885	0.01364	0.05380	0.10651	0.07783	0.01295	0.01281	0.13212	0.04365	0.17097	0.09437	0.12714	0.04651	0.01312	0.04051	0.00275	0.00719	0.00950	0.00630	0.00949
8	0.02279	0.03813	0.01738	0.06639	0.04536	0.04716	0.01161	0.12458	0.09573	0.27478	0.05612	0.12468	0.02219	0.01066	0.00737	0.00228	0.00659	0.00893	0.00699	0.01026
9	0.01580	0.16080	0.20569	0.21133	0.08717	0.01848	0.09409	0.04856	0.01573	0.02111	0.01387	0.05087	0.01149	0.00743	0.00678	0.00218	0.00928	0.00647	0.00351	0.00936
10	0.02261	0.44470	0.02976	0.01446	0.01963	0.28009	0.01265	0.02476	0.01692	0.06038	0.01144	0.01274	0.00968	0.00672	0.00541	0.00168	0.00943	0.00430	0.00363	0.00900
11	0.06425	0.21066	0.10912	0.01270	0.01790	0.07200	0.01188	0.02325	0.01620	0.20171	0.02319	0.02514	0.08822	0.08346	0.00929	0.00250	0.00737	0.00682	0.00521	0.00913
12	0.01883	0.06121	0.45918	0.01752	0.02612	0.01575	0.02060	0.07147	0.01748	0.16675	0.01862	0.01917	0.04002	0.00776	0.00684	0.00221	0.00898	0.00608	0.00466	0.01072
13	0.01097	0.00812	0.01068	0.04863	0.01289	0.00902	0.00763	0.01376	0.05965	0.01636	0.02092	0.03562	0.02121	0.35542	0.32967	0.00831	0.01223	0.00879	0.00425	0.00589
14	0.01571	0.03484	0.65661	0.01968	0.02980	0.01605	0.02503	0.02353	0.01547	0.07810	0.01402	0.01578	0.00972	0.00693	0.00680	0.00225	0.01016	0.00542	0.00348	0.01065
15	0.05755	0.04339	0.07447	0.16161	0.13450	0.01579	0.01593	0.07147	0.05225	0.19231	0.01843	0.02198	0.01390	0.00849	0.00807	0.00232	0.05576	0.03636	0.00530	0.01012
