[name]
unknown

[dist]
# distance from previous block
# <min> <max>
0	0

[block]
# block no. 0 follows, 27 sequences, length 16
# corresponding to MSA columns:
# 0-15
name=unknown_A
#
# <colnr> <probs for GDERKNQSTAVLIFYWHMCP>
#	G	D	E	R	K	N	Q	S	T	A	V	L	I	F	Y	W	H	M	C	P
0	0.01196	0.00854	0.01196	0.01367	0.01538	0.00854	0.01196	0.01538	0.01709	0.02222	0.03931	0.08374	0.04272	0.02051	0.01025	0.00342	0.00684	0.64283	0.00684	0.00684
1	0.01884	0.12977	0.40310	0.01913	0.02719	0.20515	0.02125	0.02460	0.01690	0.02103	0.01268	0.01508	0.00982	0.00900	0.03387	0.00250	0.01157	0.00519	0.00336	0.00997
2	0.02975	0.01305	0.01693	0.01328	0.01856	0.01204	0.01086	0.08803	0.06380	0.53622	0.09188	0.02769	0.02313	0.00980	0.00759	0.00231	0.00618	0.00803	0.00884	0.01204
3	0.01624	0.01624	0.02274	0.01949	0.01949	0.02274	0.01624	0.01787	0.01137	0.01787	0.00975	0.01624	0.00975	0.01299	0.02436	0.00325	0.72552	0.00650	0.00325	0.00812
4	0.00943	0.00711	0.00837	0.00888	0.01019	0.00643	0.00614	0.01110	0.01576	0.02042	0.15357	0.29950	0.27252	0.12044	0.01307	0.00331	0.00439	0.01655	0.00676	0.00605
5	0.02510	0.01575	0.10448	0.01404	0.01950	0.01234	0.01261	0.07023	0.07671	0.39163	0.08293	0.09456	0.02450	0.01083	0.00772	0.00239	0.00657	0.00905	0.00785	0.01124
6	0.02880	0.02940	0.02051	0.01780	0.02224	0.49479	0.01370	0.11341	0.02287	0.14424	0.01550	0.01610	0.01155	0.00809	0.00693	0.00202	0.01144	0.00551	0.00526	0.00985
7	0.01821	0.03376	0.57762	0.01973	0.02976	0.01610	0.02446	0.02579	0.01668	0.14491	0.01620	0.01740	0.01102	0.00744	0.00713	0.00234	0.01013	0.00584	0.00422	0.01127
8	0.01826	0.01290	0.01473	0.01322	0.01682	0.01388	0.01022	0.03119	0.38612	0.13099	0.16778	0.09324	0.03410	0.01212	0.00795	0.00249	0.00532	0.01038	0.00787	0.01041
9	0.01959	0.01596	0.02343	0.16835	0.16822	0.05165	0.08697	0.10347	0.01946	0.10902	0.02225	0.05881	0.04653	0.00986	0.00791	0.00244	0.00870	0.06206	0.00533	0.00998
10	0.01305	0.01149	0.01650	0.01693	0.08000	0.01404	0.01213	0.01524	0.01255	0.01811	0.02102	0.02920	0.07289	0.09341	0.30007	0.00694	0.24678	0.00825	0.00400	0.00739
11	0.01812	0.21450	0.02375	0.01525	0.03949	0.01773	0.06650	0.15645	0.01952	0.04774	0.02342	0.24579	0.02374	0.01249	0.00736	0.00231	0.00700	0.01075	0.03894	0.00917
12	0.01149	0.00740	0.00971	0.01060	0.01192	0.00682	0.00768	0.01339	0.01593	0.07715	0.09580	0.48508	0.10793	0.02070	0.00927	0.00290	0.00464	0.08765	0.00718	0.00677
13	0.04025	0.05765	0.04126	0.11646	0.04243	0.05838	0.05477	0.14301	0.10230	0.13095	0.03537	0.02072	0.01501	0.00876	0.00784	0.02788	0.00806	0.00674	0.00578	0.07639
14	0.01545	0.01435	0.01808	0.28275	0.02924	0.07661	0.01460	0.02051	0.08333	0.02028	0.01678	0.02349	0.01425	0.07429	0.07514	0.00372	0.12322	0.00711	0.07875	0.00804
15	0.36487	0.09807	0.07326	0.07370	0.03794	0.06173	0.01239	0.02229	0.01444	0.06338	0.01271	0.01592	0.01028	0.03979	0.00780	0.00242	0.03910	0.00509	0.00432	0.04049

[dist]
# distance from previous block
# <min> <max>
1	5

[block]
# block no. 1 follows, 27 sequences, length 27
# corresponding to MSA columns:
# 21-47
name=unknown_B
#
# <colnr> <probs for GDERKNQSTAVLIFYWHMCP>
#	G	D	E	R	K	N	Q	S	T	A	V	L	I	F	Y	W	H	M	C	P
0	0.01948	0.01819	0.06916	0.15762	0.10307	0.06221	0.01620	0.10925	0.05598	0.07788	0.01659	0.02068	0.01308	0.00844	0.00865	0.00223	0.07248	0.02797	0.00491	0.13595
1	0.02020	0.05884	0.01906	0.06395	0.02137	0.01657	0.01212	0.07491	0.25349	0.12387	0.02147	0.02152	0.01607	0.00862	0.00808	0.00213	0.05734	0.00670	0.00619	0.18749
2	0.11555	0.01611	0.01880	0.11701	0.08321	0.07874	0.01356	0.07069	0.01753	0.13690	0.01729	0.06661	0.01423	0.00913	0.00873	0.00226	0.08563	0.00694	0.00522	0.11586
3	0.12372	0.01370	0.01582	0.07660	0.01982	0.01507	0.01120	0.16305	0.09314	0.10940	0.06995	0.05210	0.06447	0.05005	0.05938	0.00333	0.03495	0.00844	0.00634	0.00948
4	0.00940	0.00678	0.00895	0.01041	0.01115	0.00633	0.00727	0.01107	0.01512	0.02013	0.09286	0.59250	0.08206	0.02217	0.00945	0.00297	0.00443	0.07376	0.00699	0.00619
5	0.01362	0.01031	0.01191	0.01090	0.01351	0.01033	0.00830	0.12929	0.06803	0.02936	0.31010	0.15015	0.17384	0.01561	0.00855	0.00246	0.00466	0.01346	0.00756	0.00804
6	0.01624	0.01624	0.02274	0.01949	0.01949	0.02274	0.01624	0.01787	0.01137	0.01787	0.00975	0.01624	0.00975	0.01299	0.02436	0.00325	0.72552	0.00650	0.00325	0.00812
7	0.00933	0.00723	0.00850	0.00884	0.01054	0.00640	0.00638	0.01149	0.01727	0.02243	0.23548	0.25944	0.33186	0.01909	0.00897	0.00261	0.00385	0.01662	0.00725	0.00640
8	0.00936	0.00744	0.00839	0.00836	0.01044	0.00648	0.00619	0.01170	0.01798	0.02307	0.26895	0.12765	0.43163	0.01805	0.00883	0.00250	0.00373	0.01545	0.00730	0.00648
9	0.00921	0.00723	0.00833	0.00871	0.01046	0.00635	0.00628	0.01125	0.01698	0.02173	0.19149	0.26059	0.37628	0.01935	0.00897	0.00262	0.00387	0.01678	0.00716	0.00635
10	0.02193	0.04581	0.02125	0.01531	0.02151	0.01783	0.04861	0.32842	0.05904	0.03499	0.01626	0.01731	0.01233	0.00743	0.00667	0.00181	0.00728	0.00592	0.00591	0.30440
11	0.02139	0.41952	0.07915	0.01621	0.05427	0.08620	0.01437	0.08964	0.08361	0.05108	0.01433	0.01534	0.01161	0.00727	0.00588	0.00189	0.00844	0.00514	0.00436	0.01032
12	0.09751	0.10338	0.13449	0.06761	0.05819	0.01704	0.05837	0.08821	0.01917	0.25696	0.01872	0.01910	0.01294	0.00782	0.00688	0.00224	0.00818	0.00631	0.00584	0.01103
13	0.05365	0.00730	0.00712	0.00706	0.00894	0.00742	0.00534	0.01753	0.01542	0.02797	0.02351	0.02688	0.01847	0.00856	0.00516	0.00176	0.00358	0.00677	0.74061	0.00698
14	0.00924	0.00666	0.00880	0.01043	0.01106	0.00622	0.00719	0.01071	0.01456	0.01924	0.04257	0.65381	0.08172	0.02283	0.00949	0.00302	0.00446	0.06501	0.00689	0.00610
15	0.01883	0.01478	0.06160	0.07014	0.05733	0.01389	0.01267	0.15790	0.08634	0.11920	0.18436	0.08274	0.06486	0.01172	0.00795	0.00239	0.00644	0.00996	0.00697	0.00991
16	0.10814	0.05801	0.05443	0.01924	0.13328	0.06410	0.01390	0.05478	0.01950	0.36931	0.02114	0.02036	0.01438	0.00813	0.00692	0.00221	0.00758	0.00644	0.00669	0.01146
17	0.02732	0.01372	0.01608	0.01290	0.01742	0.04907	0.01022	0.11512	0.02140	0.42040	0.05984	0.02848	0.02101	0.10941	0.01155	0.00292	0.00681	0.00796	0.03756	0.01079
18	0.74028	0.01594	0.05644	0.01051	0.01553	0.01669	0.00932	0.02193	0.01283	0.03266	0.01053	0.01230	0.00813	0.00690	0.00476	0.00230	0.00609	0.00412	0.00450	0.00823
19	0.01141	0.00795	0.00928	0.00872	0.01117	0.00694	0.00662	0.01404	0.01897	0.07682	0.32804	0.06117	0.37864	0.01654	0.00866	0.00242	0.00385	0.01409	0.00761	0.00707
20	0.05996	0.29581	0.06463	0.04179	0.04245	0.07264	0.01280	0.04610	0.01653	0.02245	0.03418	0.01542	0.01206	0.00671	0.00567	0.00166	0.00768	0.00485	0.00400	0.23263
21	0.01237	0.01000	0.01193	0.01066	0.01411	0.00863	0.00809	0.01625	0.06318	0.02333	0.10985	0.22718	0.10751	0.01411	0.00774	0.00215	0.00484	0.04577	0.00616	0.29613
22	0.12313	0.01423	0.01765	0.01425	0.01847	0.01499	0.04573	0.13527	0.06442	0.23939	0.07562	0.02614	0.02027	0.08147	0.01173	0.00288	0.06959	0.00775	0.00683	0.01018
23	0.01768	0.06882	0.03541	0.13729	0.09458	0.03689	0.01312	0.04133	0.01682	0.14105	0.04902	0.18542	0.02425	0.05341	0.04886	0.00322	0.00799	0.01032	0.00563	0.00888
24	0.01038	0.00740	0.00921	0.01019	0.01091	0.00716	0.00680	0.04566	0.01481	0.01966	0.03783	0.54677	0.06768	0.15151	0.01445	0.00371	0.00501	0.01826	0.00649	0.00612
25	0.05446	0.01310	0.01751	0.07463	0.15287	0.01360	0.01306	0.08393	0.09078	0.10449	0.05676	0.07467	0.07909	0.06815	0.01020	0.00285	0.00686	0.06737	0.00612	0.00948
26	0.05099	0.15572	0.05791	0.07947	0.07792	0.01880	0.01412	0.12586	0.13194	0.11692	0.04556	0.05735	0.01790	0.00913	0.00696	0.00224	0.00737	0.00737	0.00586	0.01061

[dist]
# distance from previous block
# <min> <max>
1	43

[block]
# block no. 2 follows, 27 sequences, length 41
# corresponding to MSA columns:
# 91-131
name=unknown_C
#
# <colnr> <probs for GDERKNQSTAVLIFYWHMCP>
#	G	D	E	R	K	N	Q	S	T	A	V	L	I	F	Y	W	H	M	C	P
0	0.12367	0.05848	0.04653	0.08542	0.07295	0.10633	0.01378	0.09121	0.11800	0.04741	0.03303	0.02040	0.01462	0.04764	0.00939	0.00251	0.05091	0.00642	0.00504	0.04623
1	0.01046	0.00722	0.00824	0.00829	0.00873	0.00702	0.00499	0.01105	0.01257	0.01667	0.09184	0.09242	0.09927	0.55604	0.03045	0.00602	0.00633	0.01215	0.00523	0.00500
2	0.03978	0.01502	0.03952	0.29297	0.09255	0.01626	0.03328	0.12543	0.05780	0.02575	0.03887	0.02173	0.01449	0.01430	0.10092	0.00360	0.01016	0.00698	0.00461	0.04599
3	0.01531	0.00941	0.01196	0.01066	0.01338	0.00899	0.00822	0.02072	0.09694	0.14366	0.50068	0.04712	0.05579	0.01357	0.00840	0.00235	0.00425	0.01183	0.00827	0.00851
4	0.05806	0.02594	0.36971	0.01750	0.02489	0.01514	0.04949	0.08635	0.01739	0.06211	0.02096	0.08930	0.04860	0.05164	0.02808	0.00294	0.00927	0.00813	0.00465	0.00985
5	0.01533	0.01041	0.01231	0.01118	0.01415	0.01041	0.00859	0.02304	0.19502	0.11689	0.30475	0.08284	0.13701	0.01397	0.00831	0.00244	0.00459	0.01203	0.00789	0.00886
6	0.01752	0.02003	0.04380	0.03129	0.03880	0.01877	0.66583	0.02378	0.01752	0.02378	0.01502	0.02003	0.01126	0.00626	0.00876	0.00250	0.01252	0.00876	0.00375	0.01001
7	0.01603	0.01369	0.01455	0.01339	0.01705	0.01526	0.01043	0.03191	0.49785	0.02853	0.06533	0.03964	0.15039	0.01240	0.00796	0.00255	0.00543	0.03991	0.00742	0.01030
8	0.01402	0.01319	0.02227	0.72126	0.05113	0.01649	0.02062	0.01897	0.01484	0.01897	0.01319	0.01979	0.00990	0.00742	0.00742	0.00247	0.00990	0.00660	0.00330	0.00825
9	0.01521	0.01057	0.01598	0.12937	0.02088	0.01172	0.04614	0.01774	0.01371	0.11320	0.01994	0.03033	0.01810	0.20141	0.24249	0.00670	0.06605	0.00829	0.00466	0.00752
10	0.01802	0.01921	0.02247	0.01943	0.02003	0.12910	0.01595	0.01969	0.01287	0.01791	0.01001	0.01580	0.00972	0.01217	0.02163	0.00304	0.61519	0.00623	0.00334	0.00820
11	0.28276	0.01320	0.01515	0.01207	0.01744	0.01280	0.00997	0.03146	0.01841	0.47928	0.02305	0.02092	0.01498	0.00843	0.00652	0.00230	0.00613	0.00633	0.00768	0.01112
12	0.02077	0.01619	0.01712	0.01461	0.01900	0.01829	0.01158	0.22466	0.39799	0.03531	0.02571	0.02474	0.01917	0.00953	0.00720	0.00233	0.00624	0.00768	0.11051	0.01137
13	0.68738	0.01336	0.01057	0.00967	0.01368	0.01533	0.00771	0.02033	0.01259	0.03105	0.01309	0.05662	0.01185	0.06304	0.00738	0.00271	0.00577	0.00552	0.00472	0.00766
14	0.01892	0.12812	0.22815	0.02410	0.17126	0.01730	0.08312	0.02396	0.01676	0.12481	0.01804	0.08080	0.01497	0.00853	0.00723	0.00227	0.00892	0.00751	0.00457	0.01066
15	0.01384	0.00692	0.00692	0.00692	0.00865	0.00692	0.00519	0.01730	0.01557	0.02768	0.02422	0.02768	0.01903	0.00865	0.00519	0.00173	0.00346	0.00692	0.78031	0.00692
16	0.05675	0.03883	0.07085	0.01613	0.02167	0.02058	0.01382	0.31232	0.30028	0.03712	0.02212	0.02136	0.01628	0.00910	0.00726	0.00234	0.00731	0.00712	0.00692	0.01185
17	0.05425	0.04650	0.07015	0.05215	0.02193	0.09168	0.04963	0.02139	0.01626	0.05997	0.01530	0.05611	0.01301	0.00730	0.00630	0.00169	0.00754	0.00596	0.00450	0.39838
18	0.01289	0.00645	0.00967	0.00967	0.00967	0.00645	0.00645	0.00967	0.00967	0.01289	0.01289	0.02257	0.01289	0.02579	0.02901	0.78401	0.00645	0.00645	0.00322	0.00322
19	0.01696	0.02003	0.16437	0.20442	0.12107	0.04342	0.04910	0.07461	0.04073	0.04302	0.08173	0.02277	0.01749	0.00829	0.00736	0.00230	0.00881	0.00718	0.05657	0.00977
20	0.02053	0.02088	0.08744	0.08702	0.02732	0.08268	0.11283	0.21905	0.07682	0.03073	0.05641	0.02049	0.01561	0.00813	0.00738	0.00217	0.00896	0.00697	0.00542	0.10314
21	0.01735	0.01039	0.01284	0.01106	0.01427	0.00994	0.00866	0.08570	0.05440	0.17210	0.39339	0.04536	0.10732	0.01336	0.00829	0.00234	0.00471	0.01144	0.00817	0.00893
22	0.01265	0.03774	0.01110	0.00931	0.01066	0.00940	0.00609	0.05137	0.01293	0.01759	0.02132	0.04090	0.02337	0.55567	0.06764	0.00632	0.00780	0.00948	0.00458	0.08407
23	0.11014	0.01483	0.01783	0.01381	0.01948	0.01450	0.01141	0.19102	0.02374	0.46840	0.02450	0.02207	0.01589	0.00888	0.00716	0.00228	0.00672	0.00692	0.00828	0.01216
24	0.15594	0.01401	0.05142	0.01245	0.01732	0.01282	0.01060	0.05856	0.09525	0.30018	0.10454	0.02853	0.05854	0.00997	0.00710	0.00232	0.00593	0.00796	0.03612	0.01044
25	0.01063	0.00786	0.01145	0.01145	0.01261	0.00902	0.00868	0.01295	0.01179	0.01688	0.02032	0.03158	0.01961	0.14073	0.62607	0.01134	0.01831	0.00831	0.00404	0.00636
26	0.01192	0.00819	0.01085	0.04345	0.01373	0.00772	0.00821	0.01522	0.01975	0.06596	0.47894	0.08124	0.11674	0.01559	0.00879	0.00248	0.00433	0.07191	0.00771	0.00727
27	0.07541	0.01493	0.01667	0.01241	0.01864	0.03780	0.02996	0.06351	0.04323	0.02642	0.01396	0.01587	0.01130	0.00612	0.00579	0.00140	0.00622	0.00483	0.00470	0.59085
28	0.02401	0.04811	0.02252	0.11005	0.07967	0.07820	0.03316	0.24993	0.02341	0.13479	0.01749	0.01913	0.01279	0.00858	0.00845	0.00227	0.06255	0.00657	0.04753	0.01080
29	0.35569	0.21310	0.02225	0.06759	0.06025	0.04934	0.01211	0.09937	0.01673	0.02840	0.01171	0.01372	0.00941	0.00704	0.00544	0.00209	0.00744	0.00471	0.00437	0.00925
30	0.03261	0.01279	0.01721	0.01330	0.01897	0.01127	0.01095	0.03633	0.05232	0.66645	0.02933	0.02538	0.01858	0.00923	0.00747	0.00231	0.00630	0.00751	0.00911	0.01259
31	0.00984	0.00704	0.00870	0.00957	0.01084	0.00633	0.00668	0.01155	0.01582	0.04056	0.11335	0.46780	0.22302	0.02084	0.00916	0.00279	0.00414	0.01848	0.00709	0.00639
32	0.16598	0.11164	0.01984	0.05604	0.01989	0.01837	0.01213	0.06585	0.12351	0.13667	0.04434	0.02054	0.01579	0.01095	0.03525	0.00275	0.11849	0.00650	0.00564	0.00981
33	0.05313	0.02209	0.11830	0.05953	0.07477	0.08098	0.01597	0.29475	0.06031	0.06334	0.03854	0.02150	0.04586	0.00891	0.00730	0.00227	0.00855	0.00697	0.00593	0.01102
34	0.01272	0.00832	0.01010	0.00975	0.01202	0.00758	0.00726	0.01602	0.05060	0.10262	0.25041	0.20606	0.24407	0.01711	0.00871	0.00254	0.00420	0.01486	0.00759	0.00746
35	0.00903	0.00652	0.00855	0.01017	0.01072	0.00604	0.00682	0.01036	0.01437	0.01902	0.04296	0.69473	0.08731	0.02299	0.00943	0.00298	0.00427	0.02078	0.00689	0.00604
36	0.01594	0.00874	0.01093	0.01002	0.01285	0.00766	0.00763	0.01834	0.01852	0.20769	0.19473	0.17988	0.24546	0.01619	0.00854	0.00251	0.00451	0.01394	0.00781	0.00813
37	0.01539	0.01319	0.01539	0.01100	0.01759	0.00990	0.00880	0.01869	0.01539	0.02419	0.01319	0.01539	0.01100	0.00550	0.00550	0.00110	0.00550	0.00440	0.00440	0.78449
38	0.01967	0.06097	0.11617	0.03779	0.05037	0.01806	0.05020	0.11651	0.18104	0.09404	0.08545	0.02405	0.02016	0.00956	0.00916	0.00242	0.08010	0.00760	0.00597	0.01070
39	0.01197	0.00992	0.01215	0.01104	0.01350	0.03437	0.04347	0.01635	0.06839	0.02599	0.34870	0.11978	0.16649	0.01491	0.00840	0.00238	0.00472	0.01309	0.04514	0.02925
40	0.07482	0.01500	0.04408	0.05023	0.02021	0.01258	0.01071	0.05856	0.07469	0.02648	0.01475	0.01661	0.01177	0.00637	0.00589	0.00151	0.00617	0.00502	0.00475	0.53980

[dist]
# distance from previous block
# <min> <max>
0	5

[block]
# block no. 3 follows, 27 sequences, length 7
# corresponding to MSA columns:
# 137-143
name=unknown_D
#
# <colnr> <probs for GDERKNQSTAVLIFYWHMCP>
#	G	D	E	R	K	N	Q	S	T	A	V	L	I	F	Y	W	H	M	C	P
0	0.01654	0.01715	0.02218	0.17402	0.02711	0.10510	0.05526	0.01932	0.01447	0.01931	0.05552	0.05552	0.01564	0.01134	0.01573	0.00280	0.35337	0.00761	0.00386	0.00815
1	0.01900	0.07807	0.09184	0.01467	0.02091	0.06262	0.04837	0.09049	0.01837	0.08084	0.01711	0.07686	0.01461	0.00809	0.00657	0.00179	0.00747	0.00665	0.00502	0.33066
2	0.15859	0.05321	0.02117	0.12682	0.07659	0.01695	0.05885	0.07750	0.06315	0.08311	0.01567	0.01830	0.01206	0.00945	0.03333	0.00256	0.05343	0.00612	0.00489	0.10824
3	0.01216	0.00824	0.01033	0.01008	0.01235	0.00725	0.00750	0.01454	0.01718	0.07820	0.19768	0.28486	0.16188	0.01738	0.00864	0.00253	0.00445	0.04981	0.00712	0.08783
4	0.01040	0.00717	0.00826	0.00842	0.00882	0.00697	0.00508	0.01099	0.01254	0.01666	0.08446	0.13165	0.08755	0.53623	0.02969	0.00592	0.00627	0.01262	0.00528	0.00503
5	0.01910	0.01445	0.02052	0.17293	0.07384	0.01424	0.05711	0.11755	0.01907	0.11188	0.01845	0.07903	0.01522	0.00853	0.00714	0.00206	0.00757	0.00747	0.00533	0.22851
6	0.07283	0.01196	0.01491	0.12529	0.02106	0.01264	0.01103	0.09105	0.06696	0.16981	0.05225	0.06168	0.08936	0.03301	0.06724	0.00328	0.00749	0.00883	0.07013	0.00920

[dist]
# distance from previous block
# <min> <max>
1	5

[block]
# block no. 4 follows, 27 sequences, length 16
# corresponding to MSA columns:
# 149-164
name=unknown_E
#
# <colnr> <probs for GDERKNQSTAVLIFYWHMCP>
#	G	D	E	R	K	N	Q	S	T	A	V	L	I	F	Y	W	H	M	C	P
0	0.02158	0.02170	0.06661	0.04073	0.02223	0.17824	0.01352	0.13362	0.02005	0.06731	0.01427	0.01620	0.01113	0.00767	0.00811	0.00189	0.07336	0.00541	0.00485	0.27154
1	0.11777	0.39433	0.02838	0.01342	0.01900	0.08612	0.01207	0.13670	0.01909	0.05460	0.01325	0.01446	0.01074	0.00722	0.00552	0.00186	0.00791	0.00482	0.04291	0.00981
2	0.09347	0.04595	0.02059	0.04228	0.02132	0.01478	0.10547	0.13616	0.01905	0.09352	0.04569	0.02335	0.01617	0.04579	0.01036	0.06880	0.00750	0.02732	0.00539	0.15705
3	0.79154	0.01436	0.01091	0.00976	0.01436	0.01665	0.00804	0.02182	0.01263	0.03331	0.01034	0.01206	0.00804	0.00689	0.00459	0.00230	0.00574	0.00402	0.00459	0.00804
4	0.74921	0.01426	0.01126	0.00995	0.01461	0.01633	0.00820	0.02262	0.01311	0.07041	0.01139	0.01280	0.00862	0.00702	0.00475	0.00230	0.00577	0.00421	0.00485	0.00830
5	0.00904	0.00646	0.00861	0.01034	0.01077	0.00603	0.00689	0.01034	0.01421	0.01895	0.04092	0.73426	0.04910	0.02326	0.00948	0.00301	0.00431	0.02110	0.00689	0.00603
6	0.01061	0.00723	0.00804	0.00804	0.00827	0.00711	0.00460	0.01078	0.01135	0.01491	0.02807	0.05064	0.08679	0.67411	0.03517	0.00677	0.00689	0.01124	0.00471	0.00466
7	0.00990	0.00738	0.00924	0.00943	0.01104	0.00672	0.00698	0.01256	0.01839	0.02485	0.37594	0.21371	0.19388	0.01807	0.00901	0.00259	0.00393	0.05223	0.00754	0.00662
8	0.02700	0.02019	0.02159	0.01683	0.02256	0.02245	0.01382	0.58967	0.11525	0.04482	0.01937	0.01905	0.01388	0.00906	0.00744	0.00226	0.00788	0.00690	0.00744	0.01252
9	0.00917	0.00667	0.00864	0.00997	0.01073	0.00615	0.00679	0.01073	0.01515	0.02014	0.10909	0.60428	0.11105	0.02203	0.00934	0.00290	0.00418	0.01983	0.00702	0.00615
10	0.01550	0.04508	0.10542	0.01238	0.01954	0.01161	0.01137	0.01946	0.01542	0.02384	0.01310	0.01529	0.01073	0.00573	0.00567	0.00128	0.00631	0.00452	0.00419	0.65354
11	0.00956	0.00755	0.00861	0.00834	0.01051	0.00660	0.00626	0.01217	0.01877	0.02445	0.35291	0.06421	0.40933	0.01716	0.00877	0.00243	0.00364	0.01465	0.00747	0.00660
12	0.01674	0.01915	0.21257	0.01701	0.04511	0.01331	0.05329	0.03728	0.01683	0.12785	0.11072	0.02846	0.04363	0.04768	0.13076	0.00425	0.05258	0.00816	0.00525	0.00937
13	0.01247	0.00723	0.00829	0.00862	0.00991	0.00745	0.00632	0.01524	0.01483	0.02436	0.02782	0.21510	0.02662	0.01544	0.04806	0.00273	0.03356	0.01073	0.49848	0.00671
14	0.01998	0.58324	0.07481	0.01347	0.02008	0.02666	0.01341	0.08032	0.01693	0.02096	0.01139	0.01292	0.00991	0.00656	0.00519	0.00165	0.00796	0.00434	0.00365	0.06657
15	0.05272	0.06569	0.08250	0.01392	0.01952	0.01498	0.01237	0.09944	0.08048	0.20425	0.06312	0.04404	0.01874	0.00904	0.00763	0.00210	0.03775	0.00708	0.00637	0.15827

[dist]
# distance from previous block
# <min> <max>
0	3

[block]
# block no. 5 follows, 27 sequences, length 15
# corresponding to MSA columns:
# 168-182
name=unknown_F
#
# <colnr> <probs for GDERKNQSTAVLIFYWHMCP>
#	G	D	E	R	K	N	Q	S	T	A	V	L	I	F	Y	W	H	M	C	P
0	0.12715	0.13249	0.06149	0.15788	0.16943	0.07367	0.13242	0.02259	0.01600	0.02287	0.01270	0.01651	0.01016	0.00681	0.00676	0.00221	0.00957	0.00601	0.00365	0.00962
1	0.47306	0.01564	0.01342	0.07726	0.01882	0.09673	0.01024	0.02209	0.01475	0.07109	0.01608	0.07929	0.01437	0.00929	0.00600	0.00239	0.00700	0.03930	0.00499	0.00819
2	0.01509	0.01139	0.01700	0.27012	0.02807	0.01252	0.04604	0.02027	0.08372	0.08376	0.09300	0.10187	0.02522	0.11339	0.01204	0.00314	0.00739	0.00978	0.03802	0.00816
3	0.01069	0.00761	0.01020	0.01020	0.01093	0.00834	0.00712	0.01215	0.01142	0.01595	0.02147	0.03793	0.02236	0.36414	0.40642	0.00979	0.01416	0.00924	0.00421	0.00567
4	0.01985	0.74357	0.03890	0.01270	0.01905	0.02937	0.01270	0.02223	0.01508	0.01747	0.01032	0.01191	0.00953	0.00635	0.00476	0.00159	0.00794	0.00397	0.00318	0.00953
5	0.05966	0.05159	0.01721	0.01188	0.01813	0.01222	0.00976	0.05940	0.01770	0.18383	0.01694	0.01750	0.01260	0.00667	0.00598	0.00153	0.00598	0.00521	0.00564	0.48058
6	0.01073	0.00747	0.00949	0.00949	0.00998	0.00796	0.00624	0.01169	0.01121	0.01543	0.02211	0.04150	0.02392	0.49004	0.28265	0.00892	0.01182	0.00976	0.00431	0.00527
7	0.04999	0.05531	0.04371	0.01560	0.02023	0.14744	0.01265	0.03525	0.41628	0.08724	0.02431	0.02302	0.01816	0.00913	0.00712	0.00233	0.00760	0.00715	0.00652	0.01097
8	0.01617	0.01099	0.01401	0.08319	0.01817	0.01138	0.01016	0.07272	0.08081	0.12104	0.27535	0.08339	0.11496	0.01339	0.00892	0.00245	0.03558	0.01133	0.00727	0.00871
9	0.01981	0.01023	0.01313	0.01106	0.01460	0.00933	0.00874	0.06064	0.02154	0.27635	0.34894	0.04357	0.10500	0.01293	0.00820	0.00233	0.00484	0.01104	0.00838	0.00935
10	0.03068	0.01205	0.01639	0.01276	0.01805	0.01046	0.01046	0.03363	0.02122	0.62103	0.10521	0.02874	0.02432	0.00988	0.00761	0.00230	0.00599	0.00815	0.00907	0.01199
11	0.00918	0.00703	0.00843	0.00916	0.01055	0.00627	0.00646	0.01105	0.01629	0.02110	0.15821	0.38434	0.28453	0.02034	0.00910	0.00272	0.00398	0.01789	0.00710	0.00627
12	0.01402	0.01319	0.02227	0.72126	0.05113	0.01649	0.02062	0.01897	0.01484	0.01897	0.01319	0.01979	0.00990	0.00742	0.00742	0.00247	0.00990	0.00660	0.00330	0.00825
13	0.00942	0.00713	0.00858	0.00907	0.01049	0.00641	0.00641	0.01141	0.01669	0.02189	0.21881	0.31304	0.25982	0.05324	0.01039	0.00287	0.00406	0.01688	0.00711	0.00629
14	0.02321	0.09861	0.09755	0.01420	0.01962	0.10059	0.01276	0.08811	0.05188	0.22164	0.02410	0.04911	0.05336	0.00933	0.00690	0.00213	0.00756	0.00730	0.07489	0.03714

[dist]
# distance from previous block
# <min> <max>
4	10

[block]
# block no. 6 follows, 27 sequences, length 39
# corresponding to MSA columns:
# 193-231
name=unknown_G
#
# <colnr> <probs for GDERKNQSTAVLIFYWHMCP>
#	G	D	E	R	K	N	Q	S	T	A	V	L	I	F	Y	W	H	M	C	P
0	0.01784	0.01961	0.17321	0.06202	0.18763	0.01566	0.01753	0.10607	0.01833	0.05257	0.01755	0.04052	0.01398	0.00847	0.00798	0.00225	0.05327	0.00688	0.16851	0.01011
1	0.01845	0.01120	0.01360	0.01223	0.01465	0.03859	0.00921	0.02191	0.07252	0.20496	0.02503	0.09007	0.02256	0.19506	0.16941	0.00569	0.05105	0.00942	0.00604	0.00833
2	0.01437	0.01134	0.01710	0.23976	0.07790	0.01296	0.01397	0.01892	0.05228	0.05791	0.09090	0.03013	0.02193	0.04967	0.17138	0.00484	0.04186	0.03220	0.03238	0.00819
3	0.01609	0.31190	0.24712	0.01482	0.02160	0.01996	0.01618	0.02185	0.05839	0.02247	0.12918	0.02404	0.05022	0.00884	0.00653	0.00206	0.00787	0.00684	0.00444	0.00957
4	0.00939	0.00716	0.00870	0.00966	0.01107	0.00648	0.00705	0.01128	0.01595	0.02041	0.09299	0.37510	0.28108	0.02082	0.00927	0.00284	0.00436	0.09315	0.00696	0.00627
5	0.00984	0.00837	0.04636	0.01096	0.01213	0.00687	0.00826	0.01181	0.01457	0.01993	0.03834	0.60912	0.04476	0.02134	0.00915	0.00293	0.00480	0.06277	0.05129	0.00641
6	0.01075	0.00730	0.00831	0.00842	0.00868	0.00723	0.00505	0.01108	0.01156	0.01523	0.02741	0.05217	0.06623	0.65111	0.03433	0.00668	0.00698	0.05194	0.00479	0.00475
7	0.04415	0.01563	0.01705	0.01482	0.01916	0.01736	0.01178	0.17334	0.37769	0.09309	0.02803	0.07375	0.02250	0.01110	0.00771	0.00251	0.00637	0.04521	0.00750	0.01126
8	0.01160	0.00963	0.01597	0.01442	0.01641	0.01084	0.08499	0.01463	0.01255	0.01801	0.01897	0.02766	0.01741	0.04850	0.60508	0.01054	0.04379	0.00800	0.00393	0.00707
9	0.09765	0.49796	0.15664	0.01399	0.02098	0.02479	0.01484	0.02323	0.01530	0.05942	0.01197	0.01339	0.00986	0.00670	0.00532	0.00184	0.00818	0.00446	0.00366	0.00982
10	0.01489	0.03840	0.70064	0.02116	0.03213	0.01724	0.02743	0.02351	0.01567	0.02351	0.01332	0.01567	0.00940	0.00705	0.00705	0.00235	0.01097	0.00549	0.00313	0.01097
11	0.00903	0.00653	0.00854	0.01015	0.01072	0.00605	0.00681	0.01036	0.01439	0.01902	0.04313	0.69141	0.09052	0.02297	0.00943	0.00298	0.00427	0.02075	0.00689	0.00605
12	0.01156	0.00764	0.00956	0.00956	0.01140	0.00685	0.00698	0.01392	0.01790	0.08032	0.28288	0.27453	0.20282	0.01811	0.00888	0.00259	0.00406	0.01591	0.00755	0.00699
13	0.01674	0.01488	0.01813	0.01318	0.01969	0.04625	0.06448	0.02020	0.01604	0.04406	0.01374	0.01598	0.01117	0.00578	0.00589	0.00130	0.00651	0.00488	0.00446	0.65663
14	0.06026	0.01533	0.01846	0.08564	0.06559	0.05314	0.04024	0.07965	0.01787	0.06260	0.01728	0.01940	0.03907	0.00716	0.00638	0.00173	0.00707	0.00587	0.03243	0.36485
15	0.47712	0.01687	0.01642	0.01364	0.01859	0.06240	0.06499	0.08635	0.08460	0.07462	0.01475	0.01580	0.01100	0.00755	0.00584	0.00231	0.00709	0.00539	0.00534	0.00935
16	0.01846	0.01595	0.01679	0.01511	0.01930	0.01846	0.01175	0.03945	0.67938	0.03105	0.03022	0.02770	0.02266	0.01007	0.00755	0.00252	0.00588	0.00839	0.00755	0.01175
17	0.01391	0.01295	0.02172	0.68383	0.04924	0.01607	0.02016	0.01878	0.01496	0.01914	0.01458	0.02318	0.01163	0.00811	0.00757	0.00252	0.00973	0.04026	0.00349	0.00817
18	0.01062	0.00789	0.01161	0.01161	0.01282	0.00910	0.00888	0.01305	0.01184	0.01699	0.02018	0.03080	0.01927	0.11324	0.65309	0.01153	0.01882	0.00819	0.00402	0.00645
19	0.16912	0.04574	0.09075	0.05107	0.02023	0.10264	0.01251	0.04277	0.01738	0.19049	0.06126	0.02280	0.01720	0.05451	0.06764	0.00333	0.00893	0.00667	0.00560	0.00937
20	0.02915	0.01341	0.01718	0.01477	0.05386	0.03943	0.01124	0.05282	0.02102	0.52898	0.06311	0.05321	0.04680	0.01016	0.00762	0.00231	0.00648	0.00840	0.00840	0.01166
21	0.01985	0.74357	0.03890	0.01270	0.01905	0.02937	0.01270	0.02223	0.01508	0.01747	0.01032	0.01191	0.00953	0.00635	0.00476	0.00159	0.00794	0.00397	0.00318	0.00953
22	0.14903	0.05482	0.07946	0.06861	0.02158	0.01560	0.01279	0.13076	0.04713	0.22598	0.05964	0.02463	0.06021	0.00927	0.00696	0.00229	0.00697	0.00724	0.00656	0.01047
23	0.08498	0.01658	0.07095	0.05410	0.04367	0.04052	0.05037	0.06591	0.03600	0.14319	0.03756	0.02137	0.03713	0.00929	0.00914	0.04349	0.05381	0.00659	0.00536	0.16998
24	0.01402	0.01319	0.02227	0.72126	0.05113	0.01649	0.02062	0.01897	0.01484	0.01897	0.01319	0.01979	0.00990	0.00742	0.00742	0.00247	0.00990	0.00660	0.00330	0.00825
25	0.01002	0.00743	0.00924	0.01011	0.01121	0.00710	0.00710	0.01276	0.05146	0.02095	0.12742	0.43130	0.12751	0.08108	0.01162	0.00321	0.00460	0.05256	0.00689	0.00641
26	0.02041	0.07587	0.05460	0.05406	0.07102	0.01446	0.03947	0.04707	0.10954	0.19975	0.02525	0.12200	0.02162	0.01096	0.00760	0.00237	0.00703	0.05017	0.00637	0.06039
27	0.01844	0.01258	0.01682	0.17677	0.02477	0.03996	0.04068	0.02356	0.09278	0.18632	0.03157	0.13281	0.10069	0.03463	0.00896	0.00267	0.00711	0.03339	0.00636	0.00909
28	0.00919	0.00660	0.00863	0.01008	0.01067	0.00614	0.00677	0.01060	0.01463	0.01952	0.08247	0.64156	0.07535	0.04700	0.01037	0.00309	0.00433	0.02005	0.00689	0.00605
29	0.01586	0.00814	0.00870	0.00810	0.01018	0.00811	0.00605	0.05125	0.01648	0.08358	0.02422	0.02938	0.01956	0.09267	0.00924	0.00243	0.00437	0.00740	0.58687	0.00741
30	0.01486	0.01375	0.02043	0.27078	0.17484	0.05834	0.04439	0.01824	0.01543	0.02038	0.01985	0.17355	0.01941	0.01169	0.00893	0.04513	0.00828	0.00971	0.04373	0.00829
31	0.01730	0.01910	0.03618	0.06418	0.03366	0.04093	0.43326	0.02208	0.01580	0.02173	0.01336	0.01877	0.01072	0.00821	0.01291	0.00269	0.20827	0.00790	0.00359	0.00936
32	0.00998	0.00695	0.00824	0.00887	0.00924	0.00669	0.00548	0.01061	0.01257	0.01655	0.03421	0.30292	0.09095	0.41491	0.02492	0.00526	0.00584	0.01500	0.00558	0.00521
33	0.01337	0.00814	0.00905	0.00883	0.01085	0.00791	0.00658	0.06120	0.01764	0.04578	0.10821	0.17248	0.13066	0.01374	0.00717	0.00221	0.00409	0.01168	0.35318	0.00723
34	0.02075	0.04787	0.11411	0.24513	0.03245	0.04731	0.04378	0.06685	0.04141	0.17526	0.01732	0.01972	0.01239	0.00839	0.00884	0.00241	0.07421	0.00661	0.00506	0.01014
35	0.01091	0.00840	0.01252	0.01234	0.01360	0.01001	0.00966	0.01351	0.01190	0.01727	0.01933	0.02846	0.01808	0.05336	0.67244	0.01146	0.05823	0.00787	0.00394	0.00671
36	0.01366	0.01106	0.01273	0.01143	0.01409	0.01168	0.00891	0.08635	0.12840	0.02796	0.27551	0.04827	0.23051	0.01455	0.00974	0.00248	0.06527	0.01196	0.00721	0.00825
37	0.10115	0.01445	0.01864	0.14380	0.14784	0.05300	0.01411	0.05469	0.01650	0.08614	0.02050	0.02391	0.06936	0.01467	0.08486	0.04250	0.03361	0.00710	0.00473	0.04843
38	0.01996	0.01536	0.02027	0.21788	0.10281	0.01673	0.01517	0.22584	0.04544	0.05978	0.01790	0.03984	0.01387	0.00837	0.00710	0.00219	0.00778	0.00698	0.08121	0.07553

[dist]
# distance from previous block
# <min> <max>
6	10

[block]
# block no. 7 follows, 27 sequences, length 16
# corresponding to MSA columns:
# 242-257
name=unknown_H
#
# <colnr> <probs for GDERKNQSTAVLIFYWHMCP>
#	G	D	E	R	K	N	Q	S	T	A	V	L	I	F	Y	W	H	M	C	P
0	0.02100	0.00977	0.01260	0.01087	0.01418	0.00866	0.00827	0.02310	0.01797	0.34361	0.09094	0.13751	0.12274	0.12881	0.01285	0.00321	0.00558	0.01155	0.00771	0.00906
1	0.01508	0.01238	0.04665	0.07964	0.13607	0.01117	0.03355	0.01921	0.04409	0.10309	0.15223	0.12247	0.16768	0.01316	0.00821	0.00245	0.00619	0.01161	0.00628	0.00880
2	0.01839	0.08783	0.27614	0.01775	0.05714	0.06521	0.01755	0.02574	0.10269	0.10889	0.09078	0.02531	0.05657	0.00917	0.00723	0.00227	0.00835	0.00737	0.00528	0.01035
3	0.02179	0.01046	0.01357	0.01175	0.01540	0.00954	0.00918	0.05875	0.01922	0.34532	0.06603	0.20159	0.11462	0.01663	0.04728	0.00303	0.00624	0.01203	0.00791	0.00965
4	0.25435	0.01365	0.01709	0.09962	0.08043	0.01387	0.01226	0.02870	0.01755	0.36090	0.02041	0.02010	0.01372	0.00807	0.00660	0.00231	0.00679	0.00627	0.00664	0.01067
5	0.08123	0.08630	0.11811	0.01749	0.08015	0.01643	0.01477	0.12981	0.02102	0.33018	0.02076	0.01995	0.01406	0.00819	0.00693	0.00222	0.00760	0.00642	0.00668	0.01170
6	0.01702	0.01732	0.02372	0.16449	0.13634	0.07292	0.01805	0.01979	0.01371	0.01916	0.01126	0.01709	0.01009	0.01042	0.01683	0.00282	0.41042	0.00641	0.00337	0.00878
7	0.00944	0.00701	0.00891	0.01026	0.01133	0.00647	0.00742	0.01119	0.01523	0.01969	0.04792	0.49260	0.18362	0.02189	0.00945	0.00297	0.00459	0.11692	0.00688	0.00621
8	0.04832	0.05524	0.32365	0.01684	0.02398	0.01608	0.01830	0.13708	0.01966	0.08469	0.05697	0.09286	0.01976	0.01030	0.00747	0.00241	0.00845	0.04232	0.00532	0.01030
9	0.02548	0.01638	0.12466	0.01451	0.02021	0.01222	0.01343	0.06085	0.05165	0.41099	0.02812	0.09490	0.02167	0.01108	0.00781	0.00247	0.00697	0.05769	0.00767	0.01126
10	0.19838	0.01047	0.01090	0.01008	0.01311	0.01088	0.00778	0.04879	0.04997	0.12801	0.02522	0.16954	0.02250	0.01143	0.00649	0.00227	0.00492	0.00932	0.25161	0.00834
11	0.00962	0.00698	0.00905	0.01039	0.01128	0.00655	0.00743	0.01133	0.01507	0.01981	0.07129	0.49807	0.11685	0.05833	0.01093	0.00321	0.00475	0.11610	0.00682	0.00614
12	0.29729	0.01580	0.01715	0.03721	0.05594	0.04615	0.03236	0.10609	0.03591	0.18014	0.03434	0.01843	0.01358	0.00785	0.00631	0.00219	0.00695	0.00592	0.00597	0.07441
13	0.12535	0.16378	0.23044	0.01890	0.08230	0.04404	0.04448	0.02532	0.05543	0.09531	0.01508	0.01650	0.01132	0.00720	0.00638	0.00213	0.00865	0.00555	0.00439	0.03747
14	0.09759	0.20294	0.04321	0.08242	0.02106	0.07887	0.01225	0.09492	0.04374	0.04568	0.06473	0.02166	0.04788	0.01005	0.00835	0.06984	0.00764	0.00641	0.00481	0.03593
15	0.19239	0.10040	0.04271	0.07627	0.04187	0.01678	0.03746	0.02370	0.12283	0.07140	0.02306	0.05922	0.07629	0.00973	0.00763	0.00234	0.04679	0.00758	0.00524	0.03630

[dist]
# distance from previous block
# <min> <max>
2	29

[block]
# block no. 8 follows, 27 sequences, length 6
# corresponding to MSA columns:
# 287-292
name=unknown_I
#
# <colnr> <probs for GDERKNQSTAVLIFYWHMCP>
#	G	D	E	R	K	N	Q	S	T	A	V	L	I	F	Y	W	H	M	C	P
0	0.11625	0.04501	0.01772	0.08780	0.05120	0.01520	0.01218	0.12371	0.05687	0.10264	0.04467	0.02816	0.05962	0.01150	0.03306	0.00262	0.02788	0.05512	0.00583	0.10296
1	0.01871	0.23763	0.02654	0.05650	0.02233	0.05481	0.10351	0.04132	0.01688	0.07179	0.04126	0.01934	0.01444	0.01049	0.05415	0.00252	0.00880	0.00611	0.06230	0.13057
2	0.16304	0.16351	0.07094	0.05716	0.01946	0.01756	0.01173	0.09514	0.05586	0.08690	0.01996	0.02440	0.05012	0.12179	0.01113	0.00295	0.00730	0.00683	0.00514	0.00909
3	0.09931	0.14800	0.08746	0.01444	0.02003	0.12175	0.01289	0.10312	0.05794	0.08037	0.04780	0.04854	0.01593	0.00846	0.00645	0.00201	0.00794	0.00634	0.00522	0.10600
4	0.01405	0.01070	0.01421	0.07282	0.01830	0.00989	0.03219	0.01773	0.04165	0.07592	0.07350	0.08759	0.15768	0.01826	0.11163	0.00353	0.00777	0.00979	0.00566	0.21711
5	0.01025	0.00812	0.00917	0.00925	0.01128	0.00755	0.00690	0.01379	0.06709	0.02227	0.17213	0.13345	0.35999	0.07184	0.01103	0.00295	0.00443	0.06483	0.00699	0.00670

[dist]
# distance from previous block
# <min> <max>
2	4

[block]
# block no. 9 follows, 27 sequences, length 12
# corresponding to MSA columns:
# 297-308
name=unknown_J
#
# <colnr> <probs for GDERKNQSTAVLIFYWHMCP>
#	G	D	E	R	K	N	Q	S	T	A	V	L	I	F	Y	W	H	M	C	P
0	0.03568	0.01661	0.08432	0.08366	0.02829	0.01456	0.26221	0.02086	0.06664	0.02339	0.05689	0.09941	0.05777	0.01238	0.04712	0.00295	0.00956	0.00970	0.00476	0.06323
1	0.01373	0.00964	0.01392	0.05674	0.01716	0.00948	0.05871	0.01786	0.08145	0.09838	0.05780	0.42953	0.07026	0.01759	0.00882	0.00276	0.00561	0.01593	0.00680	0.00783
2	0.01748	0.05394	0.05543	0.01421	0.01773	0.11084	0.03455	0.02421	0.16189	0.07752	0.10360	0.10727	0.02900	0.09778	0.01140	0.00301	0.00739	0.05785	0.00614	0.00877
3	0.02476	0.06294	0.02178	0.01603	0.02136	0.07141	0.06172	0.23639	0.07840	0.17864	0.02018	0.02123	0.01488	0.03689	0.04325	0.00281	0.00866	0.00689	0.00651	0.06526
4	0.18693	0.12804	0.05725	0.06842	0.05948	0.05124	0.01267	0.05959	0.01704	0.09633	0.04152	0.01736	0.01320	0.00730	0.00603	0.00195	0.00730	0.00544	0.00486	0.15804
5	0.49201	0.04654	0.01513	0.01308	0.04798	0.05265	0.01004	0.02265	0.05163	0.02921	0.01204	0.01399	0.00968	0.00724	0.00626	0.00215	0.04747	0.00462	0.00452	0.11110
6	0.36879	0.01467	0.05218	0.01125	0.01634	0.01370	0.00965	0.05219	0.01607	0.10776	0.06829	0.02079	0.03153	0.03460	0.00700	0.00226	0.00601	0.00595	0.00547	0.15550
7	0.01490	0.30070	0.02202	0.01264	0.06059	0.01673	0.00923	0.01642	0.01370	0.01747	0.06812	0.03241	0.02225	0.34152	0.02032	0.00425	0.00732	0.00799	0.00419	0.00720
8	0.01992	0.48413	0.13988	0.01439	0.02116	0.02466	0.01479	0.02566	0.09876	0.07234	0.01474	0.01551	0.01183	0.00715	0.00568	0.00188	0.00804	0.00503	0.00418	0.01027
9	0.02464	0.15226	0.02309	0.04435	0.02202	0.16419	0.01318	0.16181	0.16629	0.12628	0.01934	0.01915	0.01435	0.00842	0.00682	0.00213	0.00851	0.00628	0.00602	0.01086
10	0.01888	0.10430	0.08553	0.01350	0.01985	0.05983	0.01209	0.02361	0.06181	0.09693	0.01557	0.01682	0.01214	0.00684	0.00658	0.00163	0.02912	0.00515	0.00480	0.40502
11	0.02241	0.15314	0.08622	0.07365	0.06814	0.01835	0.12927	0.05524	0.08136	0.20996	0.01929	0.02010	0.01381	0.00774	0.00715	0.00223	0.00857	0.00681	0.00557	0.01098

[dist]
# distance from previous block
# <min> <max>
1	3

[block]
# block no. 10 follows, 27 sequences, length 18
# corresponding to MSA columns:
# 312-329
name=unknown_K
#
# <colnr> <probs for GDERKNQSTAVLIFYWHMCP>
#	G	D	E	R	K	N	Q	S	T	A	V	L	I	F	Y	W	H	M	C	P
0	0.02301	0.01671	0.10433	0.01419	0.01990	0.01355	0.01274	0.11137	0.10637	0.26868	0.10249	0.04682	0.02325	0.00971	0.00742	0.00222	0.00662	0.00800	0.00726	0.09536
1	0.02013	0.01462	0.02020	0.34907	0.03475	0.01624	0.01592	0.12699	0.09433	0.13920	0.01856	0.02091	0.01329	0.00809	0.00728	0.00229	0.00818	0.00677	0.00552	0.07765
2	0.01100	0.00928	0.01153	0.01379	0.09868	0.00877	0.00864	0.01465	0.07368	0.02105	0.05285	0.22482	0.35906	0.04597	0.00980	0.00278	0.00487	0.01503	0.00644	0.00732
3	0.05112	0.06366	0.23607	0.02509	0.18738	0.03541	0.04836	0.13255	0.08238	0.04398	0.01595	0.01784	0.01201	0.00753	0.00709	0.00226	0.00914	0.00627	0.00465	0.01125
4	0.01805	0.11208	0.31033	0.06396	0.11496	0.01853	0.08604	0.02468	0.04565	0.08500	0.01529	0.01769	0.01137	0.00742	0.00775	0.00230	0.03793	0.00619	0.00404	0.01072
5	0.01877	0.17583	0.26349	0.09685	0.02801	0.07070	0.01873	0.11367	0.03678	0.02489	0.01364	0.01580	0.01045	0.00720	0.00653	0.00205	0.00939	0.00540	0.00405	0.07778
6	0.02266	0.20191	0.02305	0.01477	0.01936	0.27376	0.01213	0.02491	0.01811	0.10607	0.02075	0.02144	0.08778	0.00889	0.00739	0.00195	0.04753	0.00622	0.00472	0.07661
7	0.01719	0.19687	0.16039	0.16148	0.10252	0.07945	0.03479	0.02236	0.04181	0.02083	0.01731	0.02239	0.04230	0.00830	0.00689	0.00221	0.00930	0.04023	0.00385	0.00953
8	0.01595	0.18878	0.55952	0.01936	0.02934	0.01983	0.02429	0.02324	0.01555	0.02222	0.01268	0.01487	0.00943	0.00690	0.00656	0.00219	0.01032	0.00516	0.00314	0.01066
9	0.01434	0.00965	0.01076	0.00965	0.01280	0.00884	0.00748	0.08868	0.01988	0.11126	0.13220	0.08319	0.43074	0.01620	0.00848	0.00245	0.00458	0.01355	0.00740	0.00788
10	0.01345	0.01018	0.01202	0.01268	0.01459	0.03636	0.00988	0.01892	0.12694	0.05255	0.06199	0.31176	0.04047	0.01859	0.00919	0.00297	0.00583	0.22693	0.00702	0.00769
11	0.02530	0.01959	0.05316	0.02138	0.10909	0.08538	0.06693	0.17513	0.03886	0.21842	0.01892	0.01971	0.01352	0.00877	0.00936	0.00236	0.08981	0.00684	0.00614	0.01131
12	0.01024	0.00790	0.01138	0.01486	0.09841	0.00752	0.00893	0.01194	0.01456	0.01963	0.03745	0.64227	0.04430	0.02112	0.00920	0.00291	0.00489	0.01924	0.00648	0.00677
13	0.00935	0.00723	0.00853	0.00887	0.01055	0.00641	0.00640	0.01152	0.01729	0.02250	0.23992	0.26259	0.32405	0.01908	0.00898	0.00261	0.00385	0.01663	0.00726	0.00641
14	0.01689	0.01697	0.03077	0.21023	0.31632	0.01806	0.17515	0.02163	0.01605	0.02225	0.01365	0.01894	0.01100	0.00729	0.00919	0.00243	0.07237	0.00711	0.00356	0.01014
15	0.01631	0.10899	0.02890	0.37494	0.21390	0.01871	0.09317	0.02093	0.01572	0.02071	0.01323	0.01843	0.01049	0.00694	0.00721	0.00229	0.00966	0.00651	0.00343	0.00953
16	0.03073	0.01206	0.01640	0.01277	0.01806	0.01047	0.01047	0.03367	0.02122	0.62234	0.10391	0.02868	0.02422	0.00987	0.00761	0.00230	0.00600	0.00814	0.00907	0.01200
17	0.02302	0.01169	0.01469	0.01206	0.01627	0.01100	0.00966	0.08874	0.06326	0.33687	0.22707	0.03764	0.09180	0.01182	0.00796	0.00233	0.00541	0.00992	0.00842	0.01036

[dist]
# distance from previous block
# <min> <max>
14	49

[block]
# block no. 11 follows, 27 sequences, length 17
# corresponding to MSA columns:
# 383-399
name=unknown_L
#
# <colnr> <probs for GDERKNQSTAVLIFYWHMCP>
#	G	D	E	R	K	N	Q	S	T	A	V	L	I	F	Y	W	H	M	C	P
0	0.17377	0.01381	0.01855	0.06824	0.07660	0.01419	0.05967	0.06944	0.01865	0.23846	0.08065	0.02342	0.01874	0.00881	0.00753	0.00231	0.03173	0.00717	0.05816	0.01009
1	0.01028	0.00758	0.00961	0.00911	0.01095	0.00691	0.00683	0.01358	0.02049	0.02852	0.61010	0.05751	0.14960	0.01564	0.00876	0.00236	0.00354	0.01371	0.00801	0.00691
2	0.03017	0.01194	0.01622	0.01268	0.01787	0.01037	0.01037	0.03313	0.02122	0.60609	0.11995	0.02942	0.02548	0.01001	0.00764	0.00230	0.00593	0.00828	0.00905	0.01186
3	0.02747	0.02013	0.02416	0.01829	0.02438	0.02172	0.08185	0.55594	0.03212	0.09068	0.01835	0.01858	0.01289	0.00865	0.00757	0.00226	0.00849	0.00696	0.00717	0.01235
4	0.79154	0.01436	0.01091	0.00976	0.01436	0.01665	0.00804	0.02182	0.01263	0.03331	0.01034	0.01206	0.00804	0.00689	0.00459	0.00230	0.00574	0.00402	0.00459	0.00804
5	0.00904	0.00646	0.00861	0.01034	0.01077	0.00603	0.00689	0.01034	0.01421	0.01895	0.04092	0.73426	0.04910	0.02326	0.00948	0.00301	0.00431	0.02110	0.00689	0.00603
6	0.01637	0.01517	0.02100	0.30532	0.17609	0.06425	0.01706	0.08646	0.01782	0.02300	0.02112	0.13460	0.04969	0.01048	0.00775	0.00244	0.00855	0.00922	0.00459	0.00904
7	0.01992	0.01931	0.03951	0.02840	0.03561	0.01825	0.55146	0.07062	0.01914	0.09571	0.01671	0.02042	0.01210	0.00675	0.00853	0.00246	0.01156	0.00848	0.00458	0.01047
8	0.62076	0.01334	0.01094	0.00999	0.01406	0.01509	0.00802	0.04849	0.01409	0.03147	0.01844	0.09183	0.06072	0.00953	0.00552	0.00238	0.00556	0.00674	0.00512	0.00791
9	0.02743	0.01133	0.01534	0.01221	0.01692	0.00990	0.00990	0.03046	0.02119	0.52565	0.19936	0.03305	0.03170	0.01073	0.00780	0.00231	0.00559	0.00900	0.00893	0.01118
10	0.01315	0.01169	0.01787	0.22167	0.18632	0.01242	0.01465	0.01709	0.04050	0.02082	0.03157	0.17529	0.14028	0.03641	0.00911	0.00270	0.00711	0.02803	0.00504	0.00827
11	0.33265	0.01329	0.01387	0.01168	0.01620	0.01397	0.00943	0.05482	0.08650	0.24258	0.08214	0.02261	0.01902	0.00960	0.00735	0.03524	0.00586	0.00666	0.00675	0.00978
12	0.01596	0.01076	0.01384	0.01270	0.01458	0.01213	0.01004	0.01959	0.06254	0.11907	0.05388	0.15527	0.08017	0.01595	0.04047	0.00304	0.18123	0.03790	0.13271	0.00816
13	0.18907	0.01441	0.01945	0.06373	0.04822	0.01546	0.09520	0.11976	0.01844	0.10502	0.04285	0.14668	0.02013	0.01101	0.00852	0.00251	0.05526	0.00923	0.00576	0.00929
