[name]
unknown

[dist]
# distance from previous block
# <min> <max>
57	126

[block]
# block no. 0 follows, 26 sequences, length 11
# corresponding to MSA columns:
# 152-162
name=unknown_A
#
# <colnr> <probs for GDERKNQSTAVLIFYWHMCP>
#	G	D	E	R	K	N	Q	S	T	A	V	L	I	F	Y	W	H	M	C	P
0	0.06129	0.08848	0.05661	0.09454	0.06762	0.13156	0.01440	0.09923	0.08390	0.08638	0.02080	0.12425	0.01839	0.01043	0.00735	0.00235	0.00848	0.00846	0.00555	0.00993
1	0.01701	0.04444	0.01617	0.01343	0.01605	0.01479	0.01032	0.11395	0.12701	0.05696	0.02426	0.13294	0.02341	0.16293	0.07570	0.00438	0.09133	0.01008	0.00589	0.03894
2	0.11993	0.06743	0.01276	0.01008	0.01332	0.01245	0.00800	0.02116	0.14799	0.02736	0.12285	0.03931	0.18370	0.01207	0.00703	0.00227	0.00479	0.00975	0.16947	0.00828
3	0.07197	0.01013	0.05704	0.00950	0.01069	0.00876	0.00670	0.01280	0.01176	0.01719	0.02332	0.08947	0.02629	0.57800	0.03181	0.00633	0.00731	0.01080	0.00467	0.00545
4	0.01060	0.00746	0.00923	0.00936	0.01008	0.00743	0.00617	0.01193	0.01388	0.01889	0.14714	0.13952	0.07161	0.37132	0.12693	0.00636	0.00803	0.01274	0.00565	0.00568
5	0.01175	0.00862	0.01067	0.01044	0.01212	0.00861	0.00775	0.05605	0.01743	0.02353	0.21145	0.10754	0.13787	0.15639	0.13037	0.00510	0.00777	0.06326	0.00648	0.00680
6	0.01624	0.00923	0.01120	0.01009	0.01313	0.00825	0.00774	0.01916	0.04642	0.18919	0.16447	0.08788	0.30277	0.01645	0.00999	0.05437	0.00475	0.01286	0.00764	0.00817
7	0.08132	0.04286	0.01497	0.01252	0.01590	0.06008	0.00970	0.08512	0.19815	0.02956	0.21986	0.03754	0.08197	0.06578	0.01004	0.00275	0.00605	0.00984	0.00692	0.00908
8	0.06106	0.05191	0.09439	0.01871	0.07271	0.09745	0.01513	0.07268	0.13264	0.08205	0.06212	0.02224	0.01778	0.01212	0.04637	0.00297	0.11492	0.00707	0.00544	0.01024
9	0.01871	0.06367	0.07022	0.06588	0.08757	0.01449	0.06014	0.07562	0.01963	0.11444	0.14117	0.03022	0.02547	0.00973	0.00761	0.00221	0.00740	0.04981	0.00590	0.13010
10	0.01837	0.21091	0.16389	0.16238	0.05029	0.09025	0.01780	0.06139	0.04931	0.02276	0.04152	0.04877	0.01490	0.00845	0.00687	0.00220	0.00933	0.00663	0.00419	0.00979

[dist]
# distance from previous block
# <min> <max>
2	9

[block]
# block no. 1 follows, 26 sequences, length 12
# corresponding to MSA columns:
# 172-183
name=unknown_B
#
# <colnr> <probs for GDERKNQSTAVLIFYWHMCP>
#	G	D	E	R	K	N	Q	S	T	A	V	L	I	F	Y	W	H	M	C	P
0	0.11588	0.10255	0.02023	0.12523	0.02402	0.11328	0.01267	0.05921	0.06585	0.09211	0.01572	0.01787	0.01216	0.00876	0.00790	0.05161	0.00812	0.00569	0.00494	0.13621
1	0.46954	0.07290	0.01496	0.01150	0.01600	0.06776	0.00942	0.02428	0.05752	0.08267	0.09281	0.01973	0.01772	0.00845	0.00579	0.00228	0.00641	0.00586	0.00551	0.00886
2	0.06351	0.05967	0.02212	0.03602	0.03510	0.05226	0.10605	0.14298	0.12368	0.03001	0.13066	0.05567	0.06092	0.01078	0.00847	0.00242	0.03451	0.00917	0.00617	0.00984
3	0.00979	0.00710	0.00932	0.01061	0.01156	0.00663	0.00759	0.01174	0.01607	0.02142	0.13539	0.50624	0.09969	0.02191	0.00962	0.00299	0.00455	0.09412	0.00722	0.00642
4	0.01029	0.00710	0.00870	0.00933	0.00971	0.00686	0.00586	0.01123	0.01364	0.01840	0.10873	0.31835	0.04169	0.36856	0.02369	0.00508	0.00574	0.01550	0.00600	0.00552
5	0.01100	0.00810	0.01085	0.01080	0.01179	0.00876	0.00786	0.01247	0.01316	0.01804	0.07078	0.10381	0.10443	0.17655	0.29094	0.06843	0.05018	0.01103	0.00497	0.00607
6	0.01020	0.00740	0.00904	0.00966	0.01073	0.00694	0.00676	0.01188	0.01553	0.02046	0.14308	0.26188	0.16210	0.20272	0.01692	0.00401	0.00520	0.08281	0.00661	0.00605
7	0.01660	0.01591	0.04759	0.01398	0.04880	0.04879	0.01090	0.04817	0.01692	0.02496	0.01587	0.07201	0.01426	0.00745	0.00625	0.00148	0.00649	0.00612	0.00471	0.57273
8	0.01699	0.08189	0.02534	0.19459	0.29801	0.05251	0.01836	0.02161	0.04547	0.02204	0.02225	0.02559	0.09823	0.00900	0.00812	0.00234	0.03586	0.00768	0.00421	0.00992
9	0.07888	0.04912	0.06801	0.01463	0.01947	0.01694	0.01257	0.18064	0.16033	0.12178	0.02324	0.02827	0.01876	0.08263	0.05100	0.00348	0.00813	0.04497	0.00659	0.01058
10	0.05208	0.07972	0.05641	0.01492	0.01953	0.01514	0.05993	0.08848	0.06120	0.17905	0.02854	0.11001	0.08384	0.01553	0.06687	0.00328	0.03957	0.00959	0.00638	0.00993
11	0.03904	0.00775	0.00969	0.01027	0.01164	0.00732	0.00738	0.01343	0.01640	0.05184	0.17495	0.35630	0.10644	0.08567	0.01193	0.00326	0.00481	0.06809	0.00710	0.00669

[dist]
# distance from previous block
# <min> <max>
7	36

[block]
# block no. 2 follows, 26 sequences, length 20
# corresponding to MSA columns:
# 221-240
name=unknown_C
#
# <colnr> <probs for GDERKNQSTAVLIFYWHMCP>
#	G	D	E	R	K	N	Q	S	T	A	V	L	I	F	Y	W	H	M	C	P
0	0.09173	0.04457	0.07333	0.01410	0.02032	0.13406	0.01213	0.05500	0.04525	0.06704	0.01479	0.01623	0.01156	0.00689	0.00616	0.00170	0.00779	0.00508	0.00485	0.36743
1	0.04543	0.02275	0.02031	0.01828	0.05417	0.27966	0.03503	0.09606	0.02073	0.16771	0.01793	0.02084	0.01401	0.05727	0.06381	0.00330	0.04068	0.00661	0.00553	0.00988
2	0.05418	0.01092	0.01240	0.01130	0.01405	0.03526	0.00836	0.05938	0.01805	0.19406	0.08159	0.21667	0.09701	0.13579	0.01341	0.00338	0.00597	0.01276	0.00714	0.00834
3	0.05085	0.01534	0.06012	0.01349	0.01808	0.04068	0.01142	0.12228	0.06691	0.22608	0.11522	0.03206	0.09090	0.01396	0.03819	0.05104	0.00723	0.00881	0.00722	0.01012
4	0.02041	0.01609	0.02173	0.10666	0.14058	0.04938	0.05278	0.12928	0.02050	0.10786	0.03404	0.08668	0.01862	0.00980	0.00768	0.00227	0.00806	0.03735	0.00569	0.12454
5	0.01210	0.00859	0.01118	0.01113	0.01238	0.00905	0.00801	0.06744	0.01541	0.02118	0.09236	0.21747	0.03315	0.16064	0.23963	0.04508	0.01044	0.01254	0.00563	0.00661
6	0.00922	0.00668	0.00872	0.01035	0.01095	0.00618	0.00695	0.01059	0.01472	0.01945	0.04436	0.68061	0.09639	0.02343	0.00963	0.00304	0.00436	0.02116	0.00704	0.00618
7	0.05647	0.01802	0.02128	0.16095	0.02844	0.13525	0.08634	0.05186	0.09716	0.10907	0.02228	0.03177	0.01876	0.01042	0.00800	0.00256	0.00926	0.11683	0.00567	0.00961
8	0.02353	0.01731	0.01868	0.01527	0.02033	0.01898	0.01228	0.30603	0.26901	0.07753	0.02394	0.02315	0.01754	0.00937	0.00735	0.00229	0.00682	0.00743	0.07312	0.05003
9	0.15135	0.01610	0.02462	0.30445	0.20554	0.01794	0.07138	0.07603	0.01729	0.02615	0.01373	0.01832	0.01062	0.00731	0.00718	0.00241	0.00916	0.00648	0.00410	0.00984
10	0.02404	0.01688	0.01879	0.01555	0.01942	0.09516	0.01257	0.13603	0.02067	0.21914	0.05220	0.02285	0.01729	0.01611	0.10091	0.00367	0.13884	0.00717	0.00630	0.05640
11	0.04436	0.05194	0.01242	0.01134	0.01286	0.00990	0.00844	0.01514	0.07004	0.02043	0.06725	0.29478	0.03345	0.02583	0.12000	0.13742	0.00774	0.04423	0.00574	0.00666
12	0.01340	0.00943	0.01134	0.01014	0.01315	0.00834	0.00771	0.04553	0.01946	0.07495	0.28411	0.13498	0.19735	0.01524	0.00840	0.00232	0.00447	0.01314	0.00736	0.11918
13	0.02408	0.26940	0.08676	0.01586	0.02193	0.13492	0.01445	0.12319	0.10046	0.11383	0.01720	0.01743	0.01303	0.00801	0.00652	0.00206	0.00886	0.00577	0.00536	0.01088
14	0.01443	0.01340	0.01417	0.01330	0.01435	0.11137	0.00986	0.01595	0.01305	0.01690	0.01845	0.03172	0.01891	0.26544	0.26520	0.00757	0.13687	0.00836	0.00409	0.00661
15	0.05369	0.06326	0.11663	0.01511	0.02100	0.01643	0.01382	0.15834	0.10075	0.18966	0.02293	0.08126	0.01802	0.01177	0.03541	0.00271	0.00789	0.00795	0.00664	0.05671
16	0.01598	0.01079	0.01305	0.01129	0.01447	0.01015	0.00845	0.07300	0.05003	0.09581	0.16847	0.12010	0.03394	0.14003	0.04794	0.00357	0.00640	0.01064	0.00658	0.15931
17	0.01260	0.01193	0.07023	0.01399	0.06327	0.00984	0.01053	0.01752	0.08118	0.04180	0.21548	0.18416	0.14378	0.05077	0.01019	0.00285	0.00547	0.03955	0.00684	0.00803
18	0.01699	0.01287	0.01519	0.01245	0.01714	0.01198	0.00979	0.05258	0.14356	0.06538	0.03583	0.02629	0.01851	0.04287	0.06885	0.04915	0.00727	0.03770	0.00566	0.34990
19	0.08572	0.21343	0.15236	0.01452	0.02076	0.05960	0.01427	0.08437	0.01849	0.09273	0.05712	0.02211	0.04260	0.04464	0.00809	0.00234	0.00810	0.00646	0.00502	0.04727

[dist]
# distance from previous block
# <min> <max>
0	11

[block]
# block no. 3 follows, 26 sequences, length 6
# corresponding to MSA columns:
# 252-257
name=unknown_D
#
# <colnr> <probs for GDERKNQSTAVLIFYWHMCP>
#	G	D	E	R	K	N	Q	S	T	A	V	L	I	F	Y	W	H	M	C	P
0	0.02040	0.19706	0.04577	0.10440	0.16025	0.07813	0.01574	0.04333	0.04785	0.08823	0.01836	0.02022	0.04422	0.00788	0.00672	0.00204	0.00842	0.00630	0.00465	0.08003
1	0.01883	0.09000	0.05602	0.01583	0.04243	0.04086	0.04331	0.08036	0.15442	0.07876	0.08284	0.03230	0.07148	0.01053	0.00756	0.00227	0.00710	0.05579	0.00624	0.10306
2	0.04244	0.01840	0.07297	0.02020	0.10582	0.06351	0.06963	0.10319	0.13470	0.09736	0.16265	0.02861	0.02706	0.00989	0.00785	0.00237	0.00771	0.00856	0.00647	0.01061
3	0.11610	0.01383	0.01641	0.01446	0.05318	0.01340	0.01088	0.10645	0.06581	0.26126	0.02827	0.07780	0.07535	0.01044	0.00729	0.00227	0.00625	0.00849	0.00721	0.10487
4	0.10184	0.06049	0.01897	0.01635	0.06833	0.06987	0.01204	0.03085	0.28445	0.07848	0.02127	0.02112	0.01621	0.00827	0.00672	0.00212	0.00689	0.00653	0.00603	0.16317
5	0.05392	0.02115	0.16137	0.01728	0.04996	0.06682	0.04097	0.10136	0.01997	0.17163	0.02330	0.07136	0.05576	0.00958	0.00738	0.00224	0.00817	0.00786	0.00589	0.10403

[dist]
# distance from previous block
# <min> <max>
1	11

[block]
# block no. 4 follows, 26 sequences, length 9
# corresponding to MSA columns:
# 279-287
name=unknown_E
#
# <colnr> <probs for GDERKNQSTAVLIFYWHMCP>
#	G	D	E	R	K	N	Q	S	T	A	V	L	I	F	Y	W	H	M	C	P
0	0.09034	0.04694	0.05447	0.04942	0.01843	0.03010	0.01124	0.11019	0.04171	0.04095	0.11540	0.09971	0.10533	0.03653	0.04517	0.00305	0.03493	0.00992	0.00597	0.05019
1	0.05317	0.05076	0.01692	0.01302	0.04735	0.01218	0.00986	0.05427	0.01663	0.02531	0.01856	0.04738	0.05166	0.00993	0.03965	0.00201	0.00662	0.00619	0.00480	0.51373
2	0.09969	0.04542	0.01647	0.03653	0.05687	0.01239	0.01050	0.02147	0.04917	0.08952	0.07801	0.02847	0.06294	0.00917	0.00675	0.00192	0.00599	0.04421	0.00565	0.31887
3	0.01729	0.10851	0.05984	0.28298	0.06384	0.01704	0.01620	0.05962	0.05967	0.05513	0.05378	0.02150	0.01541	0.00944	0.00879	0.06036	0.00831	0.00671	0.00456	0.07102
4	0.09502	0.05631	0.01961	0.07824	0.05889	0.01610	0.01281	0.09532	0.08410	0.20169	0.02088	0.05681	0.01608	0.00925	0.00805	0.00227	0.04858	0.00724	0.00630	0.10645
5	0.04226	0.04803	0.09019	0.01849	0.05931	0.01596	0.11067	0.09757	0.08265	0.06416	0.05579	0.02082	0.01628	0.00767	0.00706	0.00200	0.00783	0.00674	0.00534	0.24118
6	0.06283	0.01344	0.01657	0.08572	0.02130	0.01203	0.01080	0.02052	0.01600	0.07989	0.04622	0.01884	0.01435	0.00719	0.00735	0.00165	0.05254	0.00554	0.00490	0.50233
7	0.05179	0.04024	0.01849	0.01713	0.09104	0.05524	0.01204	0.07431	0.15138	0.11232	0.08220	0.04285	0.02209	0.05663	0.00986	0.00254	0.03085	0.00790	0.00624	0.11487
8	0.22741	0.09482	0.02066	0.05165	0.09176	0.05868	0.01297	0.13067	0.07238	0.09986	0.03914	0.01874	0.01429	0.00812	0.00648	0.00222	0.00751	0.00608	0.00566	0.03093

[dist]
# distance from previous block
# <min> <max>
6	18

[block]
# block no. 5 follows, 26 sequences, length 13
# corresponding to MSA columns:
# 306-318
name=unknown_F
#
# <colnr> <probs for GDERKNQSTAVLIFYWHMCP>
#	G	D	E	R	K	N	Q	S	T	A	V	L	I	F	Y	W	H	M	C	P
0	0.04919	0.06905	0.09716	0.07851	0.12012	0.01679	0.01519	0.12202	0.08671	0.05944	0.02196	0.07685	0.04243	0.06470	0.00972	0.00270	0.00780	0.00826	0.00541	0.04601
1	0.07729	0.18050	0.12196	0.01758	0.05430	0.12639	0.01548	0.14028	0.02074	0.07975	0.05537	0.01837	0.01481	0.00838	0.00740	0.00216	0.03774	0.00602	0.00506	0.01041
2	0.01029	0.00822	0.01042	0.01070	0.01189	0.00835	0.00783	0.01224	0.01624	0.02167	0.17181	0.35384	0.20731	0.01983	0.01108	0.00284	0.08493	0.01696	0.00688	0.00666
3	0.01879	0.07285	0.01901	0.05595	0.09821	0.06760	0.01241	0.08530	0.13997	0.08186	0.03232	0.08228	0.13954	0.04908	0.00934	0.00264	0.00717	0.00977	0.00616	0.00973
4	0.02055	0.15881	0.04216	0.01324	0.01805	0.08578	0.01136	0.02320	0.01737	0.16460	0.02678	0.02983	0.11109	0.04529	0.00954	0.00235	0.05090	0.03343	0.00560	0.13004
5	0.08589	0.07058	0.10143	0.04634	0.02213	0.04822	0.01386	0.14508	0.12390	0.12290	0.07185	0.02422	0.04100	0.00930	0.00717	0.00227	0.00753	0.00728	0.00633	0.04272
6	0.01729	0.20763	0.04112	0.01398	0.01716	0.05600	0.01196	0.04836	0.01568	0.04703	0.04546	0.07717	0.06486	0.01694	0.06889	0.09099	0.13869	0.00806	0.00457	0.00816
7	0.01465	0.04886	0.05488	0.01224	0.01494	0.01092	0.01015	0.01864	0.06566	0.09172	0.07441	0.22042	0.09039	0.07719	0.01188	0.00313	0.03908	0.09181	0.04106	0.00799
8	0.04629	0.03163	0.03720	0.05231	0.01850	0.03182	0.01140	0.04705	0.11747	0.11537	0.05092	0.16158	0.05185	0.04934	0.06009	0.00356	0.04928	0.04898	0.00639	0.00896
9	0.07659	0.01937	0.01726	0.11865	0.02307	0.24634	0.03830	0.02164	0.04701	0.02157	0.06841	0.19167	0.02519	0.04087	0.00900	0.00264	0.00898	0.01031	0.00515	0.00798
10	0.02469	0.01687	0.04711	0.01389	0.01920	0.10291	0.01149	0.06265	0.02039	0.29735	0.07283	0.07840	0.02172	0.00987	0.00735	0.00210	0.00718	0.00803	0.00702	0.16895
11	0.05222	0.02043	0.12328	0.05335	0.04426	0.04584	0.01525	0.24315	0.08825	0.08714	0.02245	0.12979	0.01921	0.01095	0.00772	0.00246	0.00802	0.00898	0.00638	0.01088
12	0.04148	0.13660	0.05577	0.05528	0.02225	0.13179	0.01458	0.06198	0.09358	0.06828	0.04230	0.01967	0.01496	0.01149	0.03857	0.00281	0.16766	0.00647	0.00484	0.00966

[dist]
# distance from previous block
# <min> <max>
2	11

[block]
# block no. 6 follows, 26 sequences, length 72
# corresponding to MSA columns:
# 330-395,398-403
name=unknown_G
#
# <colnr> <probs for GDERKNQSTAVLIFYWHMCP>
#	G	D	E	R	K	N	Q	S	T	A	V	L	I	F	Y	W	H	M	C	P
0	0.06319	0.01529	0.01690	0.10702	0.02201	0.07086	0.01193	0.10280	0.09568	0.09559	0.01968	0.02536	0.01639	0.12193	0.08290	0.00402	0.03388	0.00733	0.00552	0.08172
1	0.06273	0.01514	0.01830	0.04372	0.07751	0.05169	0.04190	0.04892	0.09768	0.10678	0.05461	0.06036	0.05806	0.00938	0.00717	0.00207	0.00688	0.00794	0.00590	0.22327
2	0.07058	0.01780	0.07941	0.15592	0.18256	0.01754	0.01779	0.06584	0.11324	0.05216	0.01759	0.02192	0.01400	0.00868	0.00872	0.00244	0.06489	0.02796	0.00486	0.05609
3	0.04340	0.04784	0.02174	0.28968	0.06932	0.01604	0.05213	0.04069	0.06085	0.06589	0.02113	0.08044	0.04918	0.00978	0.00836	0.00243	0.04198	0.00835	0.00483	0.06594
4	0.05393	0.01594	0.07615	0.07414	0.08954	0.01546	0.01435	0.08623	0.12479	0.08100	0.05321	0.08668	0.02128	0.04292	0.08147	0.00372	0.05479	0.00883	0.00575	0.00983
5	0.01394	0.00998	0.01244	0.10668	0.01805	0.01049	0.00954	0.02046	0.12944	0.05228	0.23536	0.07886	0.09357	0.01274	0.00781	0.00236	0.00505	0.01095	0.16176	0.00824
6	0.01186	0.00931	0.01284	0.01228	0.01299	0.01114	0.00917	0.01356	0.01174	0.01682	0.01968	0.03368	0.02010	0.25770	0.38488	0.00921	0.13379	0.00877	0.00410	0.00636
7	0.01152	0.00941	0.01345	0.14004	0.01996	0.00959	0.03432	0.01549	0.04353	0.02469	0.30795	0.16050	0.12900	0.03509	0.00959	0.00270	0.00549	0.01357	0.00675	0.00736
8	0.05300	0.23880	0.02522	0.01393	0.01995	0.02107	0.01206	0.24069	0.02267	0.08794	0.01589	0.01750	0.01249	0.03504	0.00745	0.00206	0.00746	0.00566	0.00560	0.15553
9	0.01670	0.07591	0.01692	0.01179	0.01721	0.04406	0.00942	0.02032	0.04364	0.06113	0.02198	0.10582	0.05644	0.00920	0.00650	0.00166	0.00602	0.00756	0.00523	0.46249
10	0.01649	0.01189	0.01390	0.01277	0.01514	0.01273	0.00978	0.20097	0.03439	0.02682	0.02621	0.07958	0.02669	0.25665	0.09237	0.00530	0.00876	0.13553	0.00608	0.00795
11	0.05642	0.16171	0.09383	0.01447	0.02079	0.01729	0.01342	0.09546	0.04805	0.34394	0.04503	0.02192	0.01700	0.00871	0.00696	0.00221	0.00734	0.00673	0.00703	0.01167
12	0.02890	0.01597	0.01901	0.01499	0.02045	0.01619	0.01234	0.28945	0.05522	0.33094	0.06275	0.02741	0.02075	0.01021	0.00783	0.00238	0.00707	0.03749	0.00841	0.01226
13	0.01355	0.01006	0.01200	0.01136	0.01367	0.01034	0.00845	0.02143	0.19658	0.05125	0.35354	0.14447	0.05105	0.05514	0.01033	0.00281	0.00467	0.01309	0.00782	0.00839
14	0.01252	0.00675	0.00974	0.00978	0.01010	0.00661	0.00663	0.01040	0.01162	0.01554	0.08260	0.06879	0.05275	0.02481	0.02552	0.62306	0.00604	0.00858	0.00417	0.00398
15	0.01573	0.01348	0.01573	0.01123	0.01798	0.01011	0.00899	0.01910	0.01573	0.02472	0.01348	0.01573	0.01123	0.00562	0.00562	0.00112	0.00562	0.00449	0.00449	0.77980
16	0.01351	0.00916	0.01149	0.05043	0.01491	0.00888	0.00851	0.01774	0.07367	0.09283	0.24141	0.15129	0.17602	0.05867	0.01056	0.00288	0.00498	0.03788	0.00739	0.00777
17	0.07185	0.19988	0.07091	0.10844	0.02464	0.01948	0.04200	0.07808	0.04005	0.09901	0.06891	0.02139	0.01701	0.01176	0.05283	0.00290	0.04928	0.00670	0.00506	0.00980
18	0.01193	0.00826	0.01081	0.01046	0.01258	0.00814	0.00812	0.01469	0.01677	0.06742	0.20002	0.05070	0.21690	0.03139	0.26099	0.00604	0.01008	0.04106	0.00644	0.00719
19	0.01738	0.05044	0.01494	0.05178	0.01622	0.04403	0.00951	0.07791	0.05255	0.08118	0.04840	0.02875	0.04756	0.09545	0.05400	0.28202	0.00785	0.00788	0.00508	0.00706
20	0.01811	0.04646	0.08676	0.07108	0.05622	0.01596	0.03636	0.02391	0.10276	0.11459	0.02120	0.10380	0.01865	0.04480	0.01211	0.00276	0.13430	0.00867	0.00536	0.07613
21	0.01604	0.01190	0.01358	0.01266	0.01565	0.01270	0.00962	0.02711	0.31603	0.07939	0.15976	0.13186	0.06804	0.05663	0.01019	0.00290	0.00537	0.03345	0.00764	0.00949
22	0.47796	0.01665	0.08614	0.15317	0.02420	0.01629	0.01295	0.02214	0.01433	0.06274	0.01531	0.01760	0.03837	0.00781	0.00587	0.00240	0.00723	0.00549	0.00461	0.00873
23	0.08631	0.02376	0.20732	0.07709	0.02601	0.05637	0.01711	0.14317	0.17724	0.03015	0.02249	0.02313	0.05900	0.00916	0.00731	0.00241	0.00851	0.00717	0.00553	0.01075
24	0.01403	0.00970	0.01158	0.01150	0.01361	0.00978	0.00852	0.01999	0.15325	0.08061	0.09181	0.24170	0.10392	0.11436	0.01296	0.00342	0.00546	0.07868	0.00716	0.00794
25	0.01599	0.01191	0.05133	0.08739	0.01902	0.01068	0.01086	0.06332	0.04626	0.12320	0.17041	0.16304	0.12933	0.01515	0.00947	0.03899	0.00589	0.01233	0.00694	0.00850
26	0.01141	0.00752	0.00909	0.00960	0.01053	0.00718	0.00655	0.01275	0.01430	0.04216	0.05617	0.24087	0.10563	0.29938	0.02068	0.00462	0.00577	0.08073	0.04909	0.00598
27	0.47332	0.01494	0.01557	0.01401	0.04500	0.01656	0.04814	0.07824	0.06591	0.06028	0.01432	0.01649	0.01108	0.00950	0.00823	0.08218	0.00673	0.00549	0.00514	0.00888
28	0.02184	0.01564	0.01550	0.01291	0.01687	0.05628	0.01030	0.30921	0.05839	0.03667	0.02134	0.02288	0.01611	0.00897	0.00654	0.00205	0.00643	0.00691	0.34510	0.01005
29	0.02282	0.37782	0.12812	0.01617	0.02265	0.19287	0.01558	0.06681	0.01865	0.05707	0.01282	0.01422	0.01042	0.00725	0.00602	0.00190	0.00986	0.00486	0.00401	0.01009
30	0.17254	0.04162	0.03885	0.14307	0.02520	0.05742	0.01365	0.05264	0.11849	0.17636	0.03404	0.02091	0.01512	0.00882	0.00791	0.00242	0.04812	0.00662	0.00594	0.01023
31	0.13336	0.01299	0.01582	0.01295	0.01791	0.01249	0.01051	0.03265	0.09423	0.44930	0.02756	0.02887	0.01968	0.05266	0.00922	0.00273	0.00640	0.04118	0.00814	0.01135
32	0.01455	0.01748	0.18664	0.12641	0.02553	0.01212	0.05885	0.01900	0.01609	0.07940	0.02834	0.25018	0.06178	0.01347	0.00820	0.00262	0.00768	0.01197	0.05098	0.00872
33	0.01720	0.01004	0.01248	0.01085	0.01405	0.00936	0.00847	0.05619	0.04880	0.18285	0.37251	0.04874	0.14950	0.01409	0.00852	0.00241	0.00465	0.01207	0.00832	0.00889
34	0.01510	0.01637	0.07255	0.26626	0.02992	0.08667	0.01522	0.05402	0.01793	0.02273	0.10750	0.09930	0.11460	0.01203	0.00869	0.00251	0.03514	0.01003	0.00512	0.00828
35	0.02084	0.01008	0.01343	0.01205	0.01556	0.00904	0.00976	0.02376	0.01974	0.31386	0.15267	0.10867	0.10376	0.01504	0.00875	0.00267	0.00561	0.13699	0.00828	0.00946
36	0.01834	0.01844	0.05081	0.21404	0.16359	0.10707	0.04180	0.02512	0.11232	0.05270	0.05451	0.02300	0.01678	0.01164	0.05472	0.00304	0.01008	0.00732	0.00475	0.00992
37	0.01018	0.00774	0.00993	0.01014	0.01174	0.00764	0.00760	0.01253	0.01573	0.02095	0.15426	0.13704	0.22087	0.07157	0.22721	0.00592	0.00937	0.04684	0.00620	0.00655
38	0.78701	0.01467	0.01115	0.00997	0.01467	0.01702	0.00821	0.02230	0.01291	0.03403	0.01056	0.01232	0.00821	0.00704	0.00469	0.00235	0.00587	0.00411	0.00469	0.00821
39	0.01419	0.04887	0.01758	0.05986	0.08439	0.03602	0.03659	0.05233	0.01844	0.02479	0.22042	0.14222	0.10298	0.01556	0.03332	0.00286	0.06342	0.01189	0.00608	0.00820
40	0.33873	0.06088	0.14426	0.08789	0.05201	0.01827	0.04270	0.02521	0.11445	0.02859	0.01487	0.01686	0.01132	0.00755	0.00623	0.00237	0.00787	0.00565	0.00458	0.00970
41	0.01093	0.00731	0.00830	0.00840	0.00842	0.00729	0.00473	0.01101	0.01122	0.01496	0.02486	0.08613	0.02879	0.69528	0.03705	0.00712	0.00719	0.01160	0.00473	0.00468
42	0.01622	0.00930	0.01286	0.01343	0.01584	0.00888	0.01134	0.01932	0.01794	0.15680	0.03831	0.15668	0.03949	0.01899	0.00980	0.00321	0.00654	0.42949	0.00748	0.00807
43	0.37658	0.01722	0.01653	0.01358	0.01881	0.01934	0.01112	0.26577	0.09288	0.07566	0.01671	0.01701	0.01218	0.00830	0.00627	0.00234	0.00685	0.00581	0.00637	0.01065
44	0.01205	0.00805	0.01037	0.01096	0.01238	0.00764	0.00799	0.03844	0.01724	0.06008	0.15125	0.41037	0.07893	0.05373	0.01077	0.00311	0.00493	0.08741	0.00730	0.00700
45	0.01939	0.01602	0.01987	0.01649	0.02093	0.01741	0.08047	0.19194	0.29367	0.03387	0.11847	0.08612	0.02830	0.01141	0.00815	0.00251	0.00686	0.00995	0.00730	0.01089
46	0.00965	0.00775	0.00852	0.00888	0.01078	0.00695	0.00636	0.01220	0.04395	0.02078	0.08952	0.24054	0.42617	0.05972	0.01075	0.00296	0.00426	0.01677	0.00699	0.00651
47	0.02692	0.02029	0.02168	0.01706	0.02279	0.02263	0.01395	0.54148	0.15813	0.04471	0.02065	0.02015	0.01487	0.00933	0.00761	0.00233	0.00790	0.00716	0.00761	0.01273
48	0.01937	0.01395	0.01632	0.01494	0.01851	0.01494	0.01229	0.24703	0.10127	0.05824	0.03110	0.13201	0.03018	0.01540	0.00892	0.00286	0.00701	0.23848	0.00739	0.00980
49	0.01727	0.01668	0.08016	0.27045	0.18447	0.01620	0.01870	0.08338	0.01873	0.05904	0.08913	0.02587	0.04933	0.00915	0.00822	0.00243	0.02812	0.00788	0.00486	0.00992
50	0.02309	0.24765	0.02620	0.01683	0.05938	0.13844	0.01330	0.16506	0.02100	0.07723	0.01583	0.01878	0.01307	0.04445	0.08490	0.00333	0.01036	0.00600	0.00498	0.01011
51	0.13540	0.05843	0.01870	0.01467	0.01880	0.10046	0.01192	0.16704	0.02071	0.13715	0.02073	0.05244	0.04280	0.01508	0.08255	0.00342	0.07657	0.00732	0.00594	0.00988
52	0.03460	0.01388	0.01660	0.08780	0.02159	0.01280	0.01087	0.07672	0.08470	0.05453	0.01799	0.05095	0.01513	0.03794	0.00783	0.00195	0.00643	0.00651	0.00530	0.43588
53	0.01573	0.01348	0.01573	0.01123	0.01798	0.01011	0.00899	0.01910	0.01573	0.02472	0.01348	0.01573	0.01123	0.00562	0.00562	0.00112	0.00562	0.00449	0.00449	0.77980
54	0.01542	0.00858	0.01088	0.01041	0.01290	0.00759	0.00774	0.01764	0.01805	0.18432	0.14974	0.29149	0.19979	0.01785	0.00889	0.00267	0.00463	0.01558	0.00782	0.00801
55	0.01521	0.03923	0.69413	0.02162	0.03283	0.01762	0.02802	0.02402	0.01601	0.02402	0.01361	0.01601	0.00961	0.00721	0.00721	0.00240	0.01121	0.00560	0.00320	0.01121
56	0.00993	0.00744	0.00908	0.00978	0.01119	0.00682	0.00713	0.01196	0.01653	0.02150	0.15348	0.28651	0.23785	0.08191	0.01195	0.00324	0.00469	0.09563	0.00703	0.00636
57	0.00970	0.00768	0.00882	0.00923	0.01126	0.00679	0.00703	0.01198	0.01750	0.02204	0.15296	0.16975	0.41479	0.01960	0.00927	0.00274	0.00432	0.10077	0.00722	0.00655
58	0.01081	0.00808	0.01010	0.00985	0.01167	0.00762	0.00728	0.01494	0.05855	0.02783	0.48595	0.15573	0.12940	0.01680	0.00898	0.00252	0.00387	0.01481	0.00798	0.00722
59	0.01789	0.01199	0.01425	0.01231	0.01572	0.01226	0.00964	0.11547	0.14714	0.11817	0.37878	0.04176	0.04712	0.01281	0.00835	0.00240	0.00510	0.01096	0.00825	0.00965
60	0.01747	0.01542	0.04960	0.01457	0.05708	0.01222	0.01144	0.04813	0.01680	0.06119	0.01444	0.01661	0.01161	0.00650	0.00697	0.00148	0.04241	0.00505	0.00473	0.58630
61	0.05664	0.01668	0.02270	0.09973	0.12339	0.06303	0.05205	0.02781	0.05077	0.24533	0.01916	0.02083	0.01389	0.00919	0.01075	0.00253	0.14204	0.00700	0.00576	0.01073
62	0.08178	0.21669	0.02410	0.05095	0.04408	0.12344	0.01294	0.05122	0.09958	0.12124	0.01766	0.01907	0.01377	0.01287	0.07657	0.00311	0.00965	0.00602	0.00519	0.01006
63	0.01991	0.06437	0.12569	0.08679	0.03780	0.01561	0.03254	0.05949	0.14039	0.16201	0.14799	0.02850	0.02614	0.00986	0.00768	0.00238	0.00737	0.00831	0.00654	0.01062
64	0.06479	0.05346	0.04695	0.08147	0.05028	0.24866	0.03947	0.04846	0.09080	0.05838	0.01671	0.04716	0.01373	0.00864	0.00763	0.00219	0.03441	0.00657	0.00483	0.07543
65	0.01481	0.00894	0.01158	0.01151	0.01363	0.00844	0.00872	0.05296	0.01864	0.12670	0.15990	0.34079	0.07646	0.01860	0.00918	0.00282	0.00509	0.09566	0.00767	0.00788
66	0.02111	0.03733	0.05947	0.18315	0.02770	0.08154	0.01495	0.10230	0.07218	0.14727	0.02028	0.05208	0.01615	0.04912	0.05469	0.00330	0.03416	0.00767	0.00564	0.00992
67	0.04568	0.00933	0.01191	0.05944	0.01633	0.00925	0.00995	0.03810	0.01712	0.07700	0.04190	0.22081	0.15307	0.04546	0.01031	0.00312	0.00598	0.21100	0.00679	0.00743
68	0.01018	0.00818	0.00916	0.00912	0.01132	0.00747	0.00675	0.01387	0.06558	0.02375	0.22687	0.15445	0.38948	0.01821	0.00897	0.00259	0.00401	0.01562	0.00743	0.00697
69	0.17296	0.04054	0.01539	0.01314	0.01636	0.08840	0.01008	0.07305	0.19549	0.02582	0.01764	0.02059	0.01441	0.01409	0.01365	0.24137	0.00723	0.00638	0.00518	0.00821
70	0.01923	0.03690	0.06302	0.16302	0.02729	0.04241	0.01398	0.10080	0.01883	0.08342	0.01534	0.01770	0.01165	0.00701	0.00658	0.00180	0.00774	0.00561	0.00492	0.35275
71	0.05994	0.06773	0.04524	0.07199	0.02009	0.04340	0.01121	0.05693	0.05873	0.05528	0.01906	0.07416	0.01742	0.10801	0.05214	0.00328	0.00801	0.00756	0.00503	0.21481

[dist]
# distance from previous block
# <min> <max>
1	6

[block]
# block no. 7 follows, 26 sequences, length 23
# corresponding to MSA columns:
# 417-439
name=unknown_H
#
# <colnr> <probs for GDERKNQSTAVLIFYWHMCP>
#	G	D	E	R	K	N	Q	S	T	A	V	L	I	F	Y	W	H	M	C	P
0	0.03586	0.00907	0.01200	0.01257	0.04153	0.00952	0.00875	0.01535	0.03858	0.04918	0.12352	0.18695	0.06937	0.12494	0.19433	0.00581	0.03723	0.01239	0.00588	0.00716
1	0.04719	0.11726	0.26305	0.01631	0.02364	0.06532	0.03996	0.02231	0.01718	0.04460	0.10953	0.02145	0.01914	0.00808	0.00680	0.00203	0.00853	0.00643	0.00451	0.15668
2	0.01517	0.01135	0.01377	0.01120	0.01597	0.00899	0.00856	0.01788	0.01582	0.07428	0.02333	0.23268	0.02362	0.01141	0.00700	0.00181	0.00531	0.00991	0.00564	0.48627
3	0.01442	0.01192	0.01430	0.01113	0.01644	0.00940	0.00890	0.01785	0.01703	0.02569	0.15038	0.02993	0.02615	0.00892	0.00670	0.00158	0.00532	0.06017	0.00548	0.55828
4	0.50934	0.06849	0.01642	0.01304	0.01707	0.12170	0.01071	0.02294	0.01419	0.02832	0.01065	0.01313	0.00880	0.00801	0.00793	0.00238	0.10959	0.00458	0.00428	0.00842
5	0.08235	0.01419	0.01730	0.01623	0.10720	0.01236	0.01106	0.06236	0.01694	0.02666	0.01582	0.07044	0.01417	0.00751	0.00624	0.00161	0.00618	0.00622	0.00481	0.50035
6	0.06994	0.06714	0.01992	0.01426	0.01947	0.01615	0.04566	0.19971	0.02100	0.06985	0.01820	0.06738	0.01578	0.06034	0.02671	0.00261	0.02513	0.00726	0.00568	0.22781
7	0.06116	0.01533	0.04687	0.06841	0.05031	0.01393	0.01242	0.08066	0.10691	0.17623	0.02462	0.02456	0.06568	0.00877	0.00703	0.00208	0.00670	0.00712	0.00631	0.21492
8	0.55848	0.01643	0.01453	0.12045	0.02176	0.06353	0.01111	0.07114	0.01557	0.03177	0.01168	0.01409	0.00897	0.00733	0.00551	0.00234	0.00724	0.00478	0.00466	0.00864
9	0.01635	0.06952	0.02012	0.10894	0.06213	0.01471	0.01260	0.02101	0.05945	0.02340	0.01417	0.01716	0.01171	0.00698	0.00772	0.00170	0.06757	0.00535	0.00432	0.45509
10	0.01638	0.01390	0.01888	0.23439	0.07917	0.05030	0.03462	0.04003	0.04374	0.06716	0.02439	0.16691	0.05319	0.01139	0.00782	0.00238	0.00776	0.01003	0.00524	0.11233
11	0.01156	0.00909	0.01301	0.05431	0.01537	0.01073	0.00984	0.01369	0.01229	0.01740	0.02128	0.09106	0.02170	0.17011	0.40780	0.00899	0.09132	0.00956	0.00429	0.00659
12	0.01665	0.01490	0.02432	0.32728	0.23880	0.01647	0.04532	0.07430	0.01729	0.02327	0.01615	0.06907	0.01398	0.00975	0.00919	0.05267	0.00911	0.00787	0.00412	0.00950
13	0.01455	0.01084	0.01255	0.01146	0.01441	0.01112	0.00879	0.02370	0.23355	0.06913	0.34906	0.04774	0.13465	0.01393	0.00847	0.00247	0.00458	0.01198	0.00803	0.00898
14	0.01156	0.00894	0.01257	0.01218	0.01306	0.01060	0.00917	0.01351	0.01185	0.01700	0.01994	0.03290	0.01993	0.21065	0.46743	0.01001	0.09954	0.00863	0.00410	0.00644
15	0.01081	0.00747	0.00949	0.00969	0.01121	0.00679	0.00697	0.01296	0.01784	0.04520	0.30797	0.27664	0.16856	0.01926	0.01026	0.04452	0.00415	0.01611	0.00745	0.00667
16	0.01057	0.00726	0.00906	0.00997	0.01128	0.00653	0.00695	0.01223	0.01589	0.05634	0.07737	0.50079	0.20470	0.02152	0.00936	0.00288	0.00434	0.01911	0.00722	0.00663
17	0.54961	0.01583	0.01424	0.01189	0.01700	0.01772	0.00981	0.15516	0.01854	0.10803	0.01423	0.01499	0.01032	0.00772	0.00561	0.00233	0.00644	0.00505	0.00580	0.00969
18	0.04988	0.07645	0.01930	0.06406	0.02090	0.01644	0.01197	0.15550	0.07596	0.08158	0.06089	0.02259	0.01777	0.01520	0.10191	0.00344	0.03668	0.00686	0.00577	0.15684
19	0.21175	0.01092	0.01262	0.05824	0.01614	0.01199	0.00932	0.01726	0.01505	0.05103	0.13876	0.07902	0.06254	0.07377	0.11515	0.00430	0.05749	0.00927	0.00552	0.03986
20	0.01908	0.04400	0.02181	0.09183	0.07519	0.10767	0.06901	0.09336	0.19098	0.02758	0.08765	0.05095	0.02370	0.01050	0.00794	0.00246	0.00835	0.05194	0.00594	0.01006
21	0.05131	0.13617	0.04888	0.03791	0.02269	0.23469	0.03889	0.10676	0.02013	0.08123	0.01483	0.01764	0.01196	0.04384	0.00895	0.00231	0.03886	0.00580	0.00478	0.07239
22	0.05138	0.07283	0.05696	0.11757	0.04111	0.01496	0.04143	0.07299	0.01889	0.20077	0.06253	0.02506	0.01842	0.01273	0.06401	0.00304	0.00872	0.02647	0.00594	0.08418

[dist]
# distance from previous block
# <min> <max>
1	3

[block]
# block no. 8 follows, 26 sequences, length 37
# corresponding to MSA columns:
# 443-479
name=unknown_I
#
# <colnr> <probs for GDERKNQSTAVLIFYWHMCP>
#	G	D	E	R	K	N	Q	S	T	A	V	L	I	F	Y	W	H	M	C	P
0	0.06226	0.01883	0.04147	0.01576	0.02017	0.09276	0.01306	0.23448	0.07286	0.10259	0.02142	0.02893	0.01804	0.06515	0.01121	0.00284	0.05888	0.07995	0.00640	0.03293
1	0.02049	0.02018	0.21912	0.01623	0.02207	0.01366	0.01640	0.07249	0.01888	0.21277	0.02570	0.07891	0.02230	0.04075	0.01022	0.00287	0.04156	0.12882	0.00631	0.01028
2	0.01257	0.00919	0.01229	0.05570	0.04171	0.00950	0.00919	0.04683	0.01553	0.04576	0.05594	0.18694	0.12564	0.13422	0.19793	0.00590	0.00978	0.01255	0.00569	0.00713
3	0.04806	0.15246	0.08897	0.15116	0.21394	0.02004	0.01855	0.08997	0.01804	0.04922	0.01512	0.04501	0.01262	0.00818	0.00769	0.00228	0.03724	0.00666	0.00430	0.01047
4	0.02547	0.06603	0.01805	0.01335	0.01837	0.01447	0.01092	0.10518	0.13457	0.33668	0.03420	0.05576	0.11091	0.01116	0.00770	0.00238	0.00629	0.00909	0.00804	0.01139
5	0.01296	0.00941	0.01240	0.01288	0.01449	0.00993	0.01013	0.04816	0.04271	0.04406	0.03606	0.30012	0.06051	0.02425	0.09196	0.00418	0.05087	0.20092	0.00658	0.00742
6	0.04620	0.01343	0.01945	0.31666	0.03306	0.01494	0.03946	0.07525	0.06616	0.11376	0.08212	0.03132	0.05730	0.01026	0.00792	0.00253	0.00800	0.04700	0.00577	0.00939
7	0.01991	0.19040	0.17608	0.10490	0.02887	0.10067	0.07759	0.02713	0.11026	0.06950	0.01643	0.01822	0.01247	0.00767	0.00693	0.00222	0.00972	0.00618	0.00445	0.01038
8	0.01384	0.00866	0.01127	0.01128	0.01363	0.00800	0.00912	0.01684	0.01889	0.11115	0.22544	0.11398	0.16434	0.01781	0.00935	0.00284	0.00521	0.22303	0.00769	0.00764
9	0.10593	0.01163	0.01448	0.01181	0.01650	0.01056	0.00954	0.02899	0.01969	0.44599	0.07345	0.06497	0.10034	0.01132	0.00756	0.00239	0.00570	0.00925	0.03913	0.01076
10	0.09503	0.01681	0.05690	0.08136	0.06488	0.01595	0.01422	0.16330	0.05468	0.32568	0.02241	0.02166	0.01510	0.00872	0.00733	0.00236	0.00754	0.00695	0.00727	0.01188
11	0.01383	0.01036	0.01325	0.01230	0.01455	0.01146	0.00956	0.12838	0.01691	0.02313	0.02707	0.03438	0.09925	0.09144	0.44812	0.00891	0.01527	0.00906	0.00509	0.00767
12	0.01718	0.01252	0.01498	0.01157	0.01706	0.01028	0.00913	0.02170	0.06459	0.10585	0.09624	0.06672	0.02243	0.00868	0.00665	0.00164	0.00543	0.00730	0.00592	0.49410
13	0.06569	0.13312	0.42162	0.01884	0.02727	0.04604	0.02186	0.02438	0.01596	0.07134	0.01376	0.01591	0.01024	0.00784	0.00837	0.00235	0.07555	0.00551	0.00379	0.01057
14	0.01594	0.12425	0.58806	0.02097	0.03146	0.01920	0.05119	0.02387	0.01602	0.02327	0.01330	0.01572	0.00970	0.00709	0.00699	0.00231	0.01089	0.00555	0.00323	0.01099
15	0.04846	0.08476	0.02170	0.01537	0.02083	0.02072	0.01273	0.44975	0.02934	0.03997	0.06643	0.06329	0.01886	0.00991	0.00733	0.00219	0.00747	0.00772	0.00690	0.06627
16	0.01786	0.01079	0.01364	0.03663	0.01663	0.01080	0.00997	0.09189	0.07683	0.16533	0.03464	0.37541	0.03524	0.01718	0.00882	0.00280	0.00577	0.05329	0.00753	0.00898
17	0.09291	0.42467	0.07939	0.01516	0.02110	0.21583	0.01410	0.02488	0.01692	0.01999	0.01110	0.01288	0.00959	0.00696	0.00557	0.00184	0.00968	0.00440	0.00356	0.00944
18	0.01188	0.00942	0.01350	0.04691	0.01593	0.01064	0.01011	0.01451	0.01257	0.01824	0.01888	0.02848	0.01779	0.09471	0.50811	0.00969	0.06262	0.00781	0.00406	0.08414
19	0.01910	0.05720	0.08439	0.25233	0.03233	0.05754	0.06299	0.02327	0.01715	0.14784	0.04344	0.05842	0.04747	0.00972	0.00875	0.00247	0.05292	0.00810	0.00508	0.00950
20	0.01495	0.01242	0.01765	0.01529	0.01777	0.06120	0.10621	0.01760	0.01432	0.06632	0.02117	0.07230	0.02018	0.15152	0.32265	0.00763	0.03941	0.00923	0.00464	0.00753
21	0.01573	0.01546	0.02314	0.01938	0.02061	0.01985	0.08205	0.01795	0.01266	0.01911	0.01369	0.06280	0.01374	0.03799	0.06051	0.00375	0.50546	0.00793	0.00374	0.04444
22	0.01035	0.00783	0.00929	0.01006	0.01154	0.00729	0.00719	0.04298	0.01652	0.02116	0.05152	0.41450	0.25708	0.04741	0.01045	0.00305	0.00467	0.05360	0.00698	0.00656
23	0.02854	0.01963	0.02151	0.01672	0.02258	0.02139	0.01374	0.51482	0.09728	0.13299	0.02105	0.02024	0.01471	0.00926	0.00761	0.00232	0.00786	0.00711	0.00784	0.01281
24	0.01624	0.01603	0.07406	0.28496	0.06775	0.01530	0.16397	0.02126	0.01673	0.06947	0.02065	0.06642	0.01827	0.01024	0.00842	0.00268	0.00972	0.10400	0.00465	0.00919
25	0.11612	0.01329	0.01687	0.01322	0.01887	0.01222	0.01087	0.03554	0.05683	0.58240	0.02784	0.02447	0.01786	0.00918	0.00731	0.00236	0.00636	0.00729	0.00878	0.01234
26	0.01636	0.01610	0.01899	0.01698	0.01816	0.10262	0.01370	0.03906	0.01384	0.01902	0.01421	0.02108	0.01330	0.02830	0.26843	0.00634	0.35479	0.00697	0.00380	0.00796
27	0.02231	0.01139	0.01498	0.06242	0.01867	0.01094	0.01046	0.06400	0.04594	0.31372	0.09415	0.14101	0.05121	0.06577	0.01049	0.00290	0.00622	0.03568	0.00780	0.00991
28	0.01615	0.06349	0.34231	0.06330	0.03071	0.01726	0.14227	0.02425	0.07954	0.04161	0.01983	0.07305	0.03432	0.00898	0.00774	0.00247	0.00993	0.00806	0.00433	0.01038
29	0.01529	0.00925	0.01159	0.01133	0.01355	0.00889	0.00855	0.01917	0.07640	0.13813	0.11001	0.20520	0.09864	0.12427	0.01345	0.00349	0.00561	0.11202	0.00728	0.00789
30	0.01121	0.00723	0.00891	0.00955	0.01012	0.00693	0.00612	0.01221	0.01365	0.04481	0.05668	0.36502	0.03908	0.31980	0.02153	0.00477	0.00566	0.01576	0.03512	0.00584
31	0.13046	0.01451	0.07257	0.06894	0.06595	0.01320	0.02937	0.06088	0.06849	0.05956	0.03254	0.15973	0.13951	0.04017	0.00896	0.00274	0.00668	0.01104	0.00589	0.00881
32	0.09005	0.01496	0.09450	0.01419	0.01716	0.03843	0.01261	0.05611	0.01627	0.02336	0.02651	0.11500	0.02790	0.12018	0.03288	0.00385	0.06569	0.21712	0.00551	0.00771
33	0.07107	0.05424	0.03543	0.01246	0.01631	0.01162	0.01003	0.02531	0.06776	0.29037	0.03088	0.25962	0.02842	0.03952	0.00905	0.00275	0.00597	0.01198	0.00746	0.00975
34	0.02492	0.01512	0.01891	0.12131	0.02474	0.01566	0.01315	0.21076	0.07428	0.24863	0.02418	0.08704	0.01852	0.01019	0.00768	0.00236	0.00728	0.00842	0.00730	0.05954
35	0.09072	0.04548	0.18540	0.01912	0.05075	0.10071	0.06308	0.07758	0.07380	0.05143	0.01733	0.02205	0.01403	0.01053	0.03413	0.00273	0.03796	0.04442	0.00481	0.05393
36	0.06022	0.08408	0.04492	0.01375	0.01954	0.01427	0.03028	0.06429	0.05660	0.29288	0.04613	0.05808	0.01881	0.00910	0.00702	0.00210	0.00667	0.00742	0.00690	0.15692

[dist]
# distance from previous block
# <min> <max>
2	12

[block]
# block no. 9 follows, 26 sequences, length 53
# corresponding to MSA columns:
# 492-544
name=unknown_J
#
# <colnr> <probs for GDERKNQSTAVLIFYWHMCP>
#	G	D	E	R	K	N	Q	S	T	A	V	L	I	F	Y	W	H	M	C	P
0	0.14341	0.14575	0.06382	0.01594	0.07313	0.01785	0.01278	0.07390	0.06585	0.06118	0.07215	0.02285	0.04773	0.01033	0.02845	0.00245	0.03879	0.00674	0.00526	0.09164
1	0.08143	0.23283	0.05318	0.01364	0.01940	0.10171	0.01216	0.04904	0.01790	0.11562	0.01908	0.02192	0.04622	0.00841	0.00630	0.00193	0.00781	0.03649	0.00506	0.14988
2	0.07010	0.17910	0.08082	0.11653	0.02632	0.05306	0.06796	0.08406	0.04617	0.06646	0.03941	0.02102	0.03697	0.01034	0.03787	0.00262	0.00915	0.00663	0.00481	0.04063
3	0.05119	0.01430	0.04990	0.01368	0.01885	0.01237	0.03803	0.08953	0.04810	0.19268	0.09894	0.03497	0.08378	0.01095	0.00769	0.00226	0.00645	0.06475	0.00695	0.15463
4	0.01621	0.01468	0.08352	0.01497	0.01893	0.01311	0.04528	0.07078	0.01607	0.08021	0.01922	0.05179	0.01689	0.05755	0.27329	0.00623	0.07349	0.00779	0.00485	0.11513
5	0.04857	0.01038	0.01297	0.01219	0.01372	0.01160	0.00913	0.07315	0.01587	0.04948	0.07410	0.19812	0.02956	0.14405	0.12621	0.00504	0.10577	0.01168	0.04105	0.00737
6	0.01247	0.00779	0.00962	0.00948	0.01021	0.00780	0.00619	0.01306	0.01238	0.05790	0.02651	0.06833	0.05412	0.47345	0.12292	0.05629	0.00874	0.03220	0.00501	0.00554
7	0.01354	0.00975	0.01471	0.19390	0.02290	0.01099	0.01165	0.04153	0.01329	0.01808	0.01564	0.02385	0.01404	0.02913	0.22600	0.28001	0.01169	0.00702	0.00378	0.03849
8	0.04559	0.01406	0.02085	0.45357	0.09965	0.04380	0.01805	0.01907	0.01570	0.02093	0.04852	0.06894	0.04558	0.00970	0.00855	0.00254	0.04411	0.00824	0.00411	0.00846
9	0.01098	0.00807	0.00957	0.00964	0.01169	0.00735	0.00719	0.01414	0.04427	0.04753	0.23497	0.20026	0.29776	0.01848	0.00909	0.00266	0.00422	0.04756	0.00752	0.00705
10	0.05503	0.01340	0.01553	0.01280	0.01721	0.01343	0.01020	0.15405	0.09996	0.24606	0.11678	0.03567	0.11670	0.04704	0.00938	0.00264	0.00607	0.00954	0.00794	0.01056
11	0.18317	0.01522	0.01683	0.01379	0.01903	0.01595	0.01119	0.11485	0.19149	0.30248	0.02472	0.02273	0.01701	0.00911	0.00705	0.00240	0.00646	0.00705	0.00776	0.01171
12	0.01315	0.01189	0.01952	0.55203	0.04269	0.01438	0.01782	0.01734	0.01502	0.01938	0.02004	0.18423	0.01939	0.01133	0.00807	0.00266	0.00879	0.01017	0.00422	0.00790
13	0.00945	0.00693	0.00891	0.01028	0.01116	0.00639	0.00714	0.01111	0.01549	0.02039	0.08724	0.56277	0.13822	0.02247	0.00958	0.00299	0.00440	0.05167	0.00712	0.00630
14	0.10323	0.01235	0.01550	0.01243	0.01704	0.01154	0.00987	0.06101	0.01937	0.46274	0.02558	0.02707	0.01825	0.10540	0.01283	0.05301	0.00662	0.00762	0.00782	0.01074
15	0.01726	0.01314	0.01494	0.01388	0.01720	0.01433	0.01082	0.08382	0.32853	0.06362	0.10315	0.15608	0.03414	0.01418	0.00847	0.00270	0.00580	0.08022	0.00766	0.01005
16	0.02990	0.01530	0.01849	0.01444	0.02006	0.01506	0.01184	0.22285	0.06750	0.41302	0.02945	0.02669	0.05952	0.00999	0.00771	0.00235	0.00683	0.00798	0.00859	0.01243
17	0.28680	0.01098	0.01099	0.01068	0.01363	0.01164	0.00809	0.01957	0.07938	0.06929	0.07343	0.25761	0.09135	0.01466	0.00748	0.00263	0.00510	0.01221	0.00651	0.00797
18	0.01201	0.00825	0.00949	0.00915	0.00982	0.00828	0.00572	0.05206	0.01435	0.01942	0.12628	0.08022	0.03452	0.54420	0.03074	0.00607	0.00669	0.01167	0.00548	0.00558
19	0.03160	0.01742	0.01994	0.01542	0.02128	0.04666	0.01267	0.29802	0.02755	0.39227	0.02422	0.02210	0.01592	0.00920	0.00758	0.00230	0.00756	0.00717	0.00839	0.01272
20	0.01341	0.00867	0.01039	0.01035	0.01145	0.00859	0.00688	0.07129	0.01533	0.06310	0.03087	0.31442	0.03464	0.33993	0.02234	0.00488	0.00621	0.01461	0.00614	0.00650
21	0.01577	0.01075	0.01228	0.01099	0.01410	0.01055	0.00849	0.10879	0.07756	0.09358	0.20623	0.10761	0.22934	0.01506	0.00843	0.00247	0.00489	0.01277	0.04171	0.00864
22	0.01822	0.06580	0.30261	0.08049	0.02942	0.12635	0.04739	0.02618	0.10774	0.02290	0.01523	0.01778	0.01169	0.00835	0.00913	0.00243	0.08784	0.00618	0.00400	0.01027
23	0.09424	0.03926	0.05950	0.01437	0.01887	0.07434	0.01231	0.07534	0.14753	0.14130	0.11706	0.03519	0.02748	0.01146	0.00777	0.00250	0.00711	0.09736	0.00693	0.01007
24	0.12901	0.01262	0.01545	0.04227	0.01861	0.01224	0.01054	0.06858	0.03619	0.36438	0.11550	0.03239	0.06917	0.01082	0.00758	0.00241	0.00610	0.02749	0.00797	0.01068
25	0.01429	0.01251	0.01916	0.32848	0.03223	0.01490	0.04024	0.05753	0.01534	0.02052	0.01917	0.12193	0.01872	0.10910	0.05878	0.00394	0.09143	0.00952	0.00436	0.00784
26	0.02040	0.01863	0.13469	0.06294	0.05375	0.04424	0.07085	0.06535	0.05129	0.18813	0.02682	0.15710	0.04883	0.01161	0.00807	0.00252	0.00808	0.01016	0.00623	0.01028
