[name]
unknown

[dist]
# distance from previous block
# <min> <max>
22	109

[block]
# block no. 0 follows, 28 sequences, length 71
# corresponding to MSA columns:
# 154-224
name=unknown_A
#
# <colnr> <probs for GDERKNQSTAVLIFYWHMCP>
#	G	D	E	R	K	N	Q	S	T	A	V	L	I	F	Y	W	H	M	C	P
0	0.05634	0.01451	0.02472	0.19562	0.15253	0.01454	0.16723	0.01947	0.01559	0.02248	0.03558	0.08998	0.01588	0.00827	0.00734	0.00220	0.00845	0.00806	0.00413	0.13709
1	0.01112	0.01196	0.09102	0.01243	0.05007	0.00888	0.00989	0.01470	0.04244	0.02149	0.11074	0.18700	0.23985	0.06110	0.00999	0.00272	0.00537	0.03544	0.00598	0.06781
2	0.05901	0.01130	0.01511	0.01309	0.01663	0.01092	0.04476	0.09202	0.01940	0.24127	0.10128	0.15821	0.03115	0.04185	0.00927	0.00273	0.00615	0.10946	0.00728	0.00912
3	0.01372	0.01125	0.01441	0.01503	0.09363	0.01040	0.00993	0.05196	0.07570	0.02375	0.05835	0.29732	0.02912	0.01324	0.00753	0.00216	0.00539	0.01175	0.00577	0.24961
4	0.04676	0.01424	0.01845	0.01647	0.09716	0.01282	0.03903	0.08615	0.01724	0.05883	0.01551	0.05458	0.01320	0.00731	0.00690	0.00165	0.03437	0.00604	0.00482	0.44846
5	0.01544	0.01281	0.01465	0.01093	0.01663	0.01052	0.00873	0.08774	0.01757	0.02586	0.05360	0.02358	0.09301	0.00771	0.00611	0.00141	0.00537	0.00625	0.00509	0.57698
6	0.01551	0.01319	0.01505	0.01126	0.01721	0.01091	0.00896	0.04273	0.09339	0.02501	0.01822	0.01945	0.04843	0.00671	0.00585	0.00135	0.00543	0.00542	0.00489	0.63104
7	0.10524	0.01430	0.04520	0.19320	0.17765	0.03742	0.01562	0.04164	0.01613	0.02336	0.06184	0.07282	0.02082	0.01107	0.00834	0.03372	0.00778	0.10071	0.00463	0.00849
8	0.01971	0.01278	0.01674	0.01512	0.09586	0.01058	0.01060	0.02297	0.01729	0.20775	0.07864	0.02155	0.01800	0.00734	0.00640	0.00163	0.00580	0.00616	0.00582	0.41926
9	0.05013	0.01272	0.01499	0.01216	0.01662	0.03497	0.00981	0.09368	0.04713	0.38807	0.11180	0.02832	0.03821	0.00977	0.00713	0.00218	0.00584	0.00793	0.09798	0.01058
10	0.02320	0.01652	0.01856	0.01400	0.01998	0.01624	0.01144	0.33613	0.04629	0.11204	0.01742	0.01770	0.01272	0.00754	0.00657	0.00178	0.00674	0.00585	0.00636	0.30291
11	0.01393	0.01186	0.01377	0.01033	0.01595	0.00904	0.00814	0.01688	0.01517	0.02290	0.02164	0.06677	0.09236	0.00798	0.00600	0.00135	0.00511	0.00661	0.00474	0.64946
12	0.05433	0.05240	0.01970	0.04936	0.04811	0.09041	0.01254	0.14685	0.04815	0.37048	0.02195	0.02068	0.01481	0.00843	0.00699	0.00218	0.00756	0.00657	0.00713	0.01137
13	0.02262	0.01222	0.01509	0.03628	0.01739	0.01207	0.00998	0.12363	0.08326	0.30030	0.11238	0.05955	0.05276	0.09567	0.01103	0.00286	0.00611	0.00920	0.00756	0.01003
14	0.00886	0.00633	0.00843	0.01012	0.01054	0.00590	0.00675	0.01012	0.01392	0.01856	0.04006	0.73979	0.04808	0.02277	0.00928	0.00295	0.00422	0.02066	0.00675	0.00590
15	0.01021	0.00761	0.01051	0.01072	0.01166	0.00838	0.00785	0.01204	0.01213	0.01685	0.02633	0.16049	0.06061	0.16781	0.41249	0.00857	0.03415	0.01093	0.00462	0.00604
16	0.01872	0.07576	0.17525	0.04595	0.06342	0.12900	0.17080	0.04104	0.10828	0.04091	0.04813	0.01974	0.01468	0.00763	0.00728	0.00223	0.00991	0.00684	0.00443	0.01000
17	0.01501	0.01769	0.10314	0.51888	0.07047	0.05349	0.07941	0.02021	0.01526	0.01967	0.01303	0.01855	0.00981	0.00710	0.00730	0.00237	0.01018	0.00643	0.00329	0.00869
18	0.00900	0.00657	0.00852	0.01001	0.01074	0.00609	0.00692	0.01047	0.01440	0.01888	0.04385	0.62118	0.12263	0.02210	0.00925	0.00292	0.00431	0.05945	0.00674	0.00598
19	0.01136	0.00989	0.01607	0.01674	0.09430	0.00927	0.11359	0.01393	0.01526	0.02043	0.03832	0.39615	0.15176	0.01693	0.00864	0.00264	0.00587	0.01563	0.03599	0.00724
20	0.06477	0.10433	0.14162	0.10185	0.02482	0.07952	0.01554	0.07776	0.06396	0.15036	0.01758	0.04583	0.01353	0.00867	0.00792	0.00227	0.05806	0.00650	0.00512	0.01000
21	0.01712	0.41010	0.35664	0.01638	0.02476	0.02310	0.01931	0.02236	0.01504	0.01992	0.01151	0.01342	0.00927	0.00655	0.00573	0.00191	0.00919	0.00459	0.00309	0.01000
22	0.00886	0.00633	0.00843	0.01012	0.01054	0.00590	0.00675	0.01012	0.01392	0.01856	0.04006	0.73979	0.04808	0.02277	0.00928	0.00295	0.00422	0.02066	0.00675	0.00590
23	0.44203	0.15375	0.07423	0.01248	0.01757	0.08272	0.01137	0.02277	0.01416	0.05950	0.01133	0.01302	0.00896	0.00714	0.00602	0.00214	0.04357	0.00440	0.00421	0.00865
24	0.01034	0.00708	0.00786	0.00786	0.00815	0.00694	0.00453	0.01055	0.01126	0.01474	0.02877	0.05016	0.10387	0.66058	0.03371	0.00652	0.00666	0.01112	0.00468	0.00460
25	0.06999	0.05146	0.01930	0.03679	0.02061	0.01665	0.03618	0.22091	0.12126	0.05799	0.04113	0.01928	0.01499	0.00775	0.00653	0.00190	0.00672	0.00618	0.00587	0.23852
26	0.01621	0.20961	0.41687	0.01663	0.02497	0.01821	0.01980	0.02202	0.01568	0.06326	0.02029	0.02132	0.08922	0.00819	0.00657	0.00213	0.00891	0.00627	0.00387	0.00996
27	0.64202	0.01464	0.01250	0.01068	0.01542	0.01655	0.00880	0.09813	0.01561	0.09136	0.01255	0.01356	0.00925	0.00717	0.00506	0.00224	0.00595	0.00453	0.00520	0.00877
28	0.01652	0.01477	0.02072	0.01490	0.02146	0.01237	0.13010	0.07516	0.01708	0.02550	0.01363	0.01610	0.01095	0.00580	0.00613	0.00142	0.00686	0.00528	0.00444	0.58080
29	0.05684	0.01708	0.01843	0.07871	0.02251	0.09622	0.01255	0.15974	0.11291	0.31526	0.02243	0.02129	0.01531	0.00864	0.00711	0.00224	0.00758	0.00677	0.00714	0.01124
30	0.00957	0.01027	0.08906	0.01082	0.01297	0.00732	0.00898	0.01188	0.01482	0.01945	0.04482	0.47177	0.19675	0.01980	0.00887	0.00277	0.00494	0.04226	0.00632	0.00655
31	0.01005	0.00664	0.00813	0.00918	0.00992	0.00633	0.00623	0.01162	0.01391	0.01963	0.03625	0.45244	0.07192	0.12403	0.01251	0.00331	0.00454	0.04016	0.14730	0.00589
32	0.06193	0.01541	0.01773	0.05885	0.02107	0.01659	0.01199	0.20566	0.22505	0.22018	0.02382	0.02343	0.01707	0.03773	0.00835	0.00250	0.00677	0.00729	0.00729	0.01131
33	0.02075	0.01243	0.03720	0.06287	0.04529	0.01161	0.01150	0.05979	0.09166	0.27072	0.03199	0.11981	0.08208	0.01224	0.00780	0.00246	0.00619	0.06565	0.03811	0.00984
34	0.00979	0.00697	0.00939	0.01099	0.01177	0.00669	0.00812	0.01162	0.01460	0.01930	0.03878	0.51065	0.04519	0.05626	0.01082	0.00326	0.00509	0.20803	0.00662	0.00607
35	0.01613	0.20428	0.46963	0.02151	0.10562	0.01975	0.02290	0.02264	0.01535	0.02170	0.01242	0.01478	0.00950	0.00669	0.00641	0.00211	0.00979	0.00515	0.00314	0.01050
36	0.04237	0.01564	0.02223	0.13199	0.26802	0.01667	0.01660	0.12116	0.12068	0.10591	0.01942	0.05440	0.01537	0.00851	0.00728	0.00230	0.00768	0.00745	0.00546	0.01085
37	0.01187	0.00664	0.00934	0.00944	0.00998	0.00648	0.00659	0.01084	0.01237	0.01698	0.12378	0.08029	0.04938	0.02215	0.02132	0.50971	0.00551	0.03927	0.04368	0.00437
38	0.02715	0.03464	0.02060	0.01873	0.02247	0.71536	0.01404	0.02903	0.02060	0.01779	0.01124	0.01311	0.00936	0.00749	0.00655	0.00187	0.01311	0.00468	0.00375	0.00843
39	0.01427	0.02575	0.42522	0.01689	0.02411	0.01344	0.01956	0.02044	0.01571	0.06517	0.09047	0.05013	0.02040	0.01636	0.11601	0.00381	0.01059	0.03786	0.00440	0.00942
40	0.01943	0.74891	0.03809	0.01244	0.01866	0.02876	0.01244	0.02177	0.01477	0.01710	0.01011	0.01166	0.00933	0.00622	0.00466	0.00155	0.00777	0.00389	0.00311	0.00933
41	0.00913	0.00658	0.00871	0.01031	0.01096	0.00616	0.00719	0.01063	0.01433	0.01893	0.04159	0.64004	0.07998	0.02228	0.00932	0.00297	0.00444	0.08370	0.00674	0.00600
42	0.01092	0.00702	0.00779	0.00779	0.00799	0.00702	0.00448	0.01131	0.01111	0.01560	0.02300	0.04520	0.02553	0.65943	0.03331	0.00643	0.00662	0.01013	0.09465	0.00468
43	0.11646	0.01963	0.02053	0.01590	0.02156	0.02182	0.01313	0.59939	0.03166	0.04429	0.01660	0.01680	0.01184	0.00850	0.00695	0.00219	0.00772	0.00624	0.00695	0.01184
44	0.09973	0.00992	0.01016	0.00899	0.01189	0.01031	0.00708	0.11052	0.01806	0.08907	0.02184	0.02394	0.01657	0.00837	0.00552	0.00187	0.00451	0.00649	0.52703	0.00815
45	0.00964	0.00679	0.00824	0.00907	0.00955	0.00648	0.00583	0.01050	0.01287	0.01691	0.03599	0.36896	0.09855	0.32140	0.02073	0.00462	0.00542	0.03734	0.00577	0.00533
46	0.01507	0.01292	0.01507	0.01077	0.01723	0.00969	0.00861	0.01830	0.01507	0.02369	0.01292	0.01507	0.01077	0.00538	0.00538	0.00108	0.00538	0.00431	0.00431	0.78898
47	0.07643	0.01298	0.01582	0.11231	0.02082	0.01463	0.01167	0.11527	0.10134	0.08899	0.05501	0.10918	0.11837	0.01227	0.00965	0.00252	0.09808	0.00971	0.00605	0.00892
48	0.02326	0.02816	0.01979	0.01781	0.02042	0.50411	0.01355	0.02490	0.01768	0.01739	0.01195	0.01686	0.01096	0.07611	0.01300	0.00262	0.16421	0.00558	0.00369	0.00796
49	0.04445	0.01846	0.19280	0.01504	0.04366	0.01271	0.01411	0.06718	0.05974	0.17003	0.07237	0.08853	0.09892	0.01075	0.00739	0.00228	0.00683	0.00893	0.00610	0.05972
50	0.01792	0.47101	0.11819	0.01519	0.02038	0.02560	0.01514	0.02083	0.01391	0.01795	0.01033	0.01321	0.00937	0.00798	0.00988	0.00207	0.19407	0.00471	0.00312	0.00915
51	0.00909	0.00659	0.00864	0.01012	0.01084	0.00614	0.00703	0.01062	0.01453	0.01919	0.06154	0.61751	0.09903	0.02200	0.00926	0.00292	0.00434	0.06780	0.00678	0.00601
52	0.01038	0.00779	0.01168	0.01168	0.01298	0.00909	0.00909	0.01298	0.01168	0.01687	0.01947	0.02856	0.01817	0.05452	0.71573	0.01168	0.01947	0.00779	0.00389	0.00649
53	0.02020	0.04380	0.06985	0.16525	0.05479	0.01579	0.10636	0.05304	0.13656	0.18648	0.02321	0.02404	0.05055	0.00853	0.00743	0.00233	0.00809	0.00757	0.00575	0.01038
54	0.01763	0.20383	0.24391	0.05369	0.06027	0.10069	0.01887	0.02191	0.01489	0.01957	0.01137	0.01465	0.00947	0.00810	0.01013	0.00226	0.17086	0.00526	0.00322	0.00942
55	0.02034	0.03455	0.01369	0.01178	0.01502	0.11623	0.00916	0.02371	0.05125	0.21925	0.02976	0.14594	0.06786	0.01195	0.00717	0.00224	0.00620	0.03503	0.17009	0.00877
56	0.01898	0.01643	0.10028	0.05190	0.13749	0.01358	0.08311	0.05792	0.04110	0.16511	0.10664	0.02910	0.05551	0.00940	0.00759	0.00226	0.00750	0.03354	0.00584	0.05673
57	0.01230	0.00755	0.00941	0.00958	0.01092	0.00700	0.00667	0.01377	0.01488	0.09788	0.09724	0.29198	0.12250	0.21431	0.01641	0.00387	0.00519	0.04566	0.00649	0.00640
58	0.00900	0.00639	0.00839	0.00994	0.01032	0.00600	0.00655	0.01016	0.01363	0.01818	0.03862	0.68134	0.04625	0.08372	0.01162	0.00330	0.00446	0.01981	0.00655	0.00578
59	0.02763	0.02036	0.02182	0.01672	0.02254	0.02254	0.01382	0.67496	0.03418	0.04581	0.01745	0.01745	0.01236	0.00873	0.00727	0.00218	0.00800	0.00654	0.00727	0.01236
60	0.05538	0.01392	0.01531	0.01313	0.01755	0.01472	0.01032	0.03174	0.40752	0.10426	0.09431	0.02705	0.02403	0.00944	0.00706	0.00220	0.00550	0.00781	0.00702	0.13175
61	0.01983	0.09037	0.01864	0.01396	0.01780	0.05195	0.01131	0.31380	0.02329	0.03086	0.02156	0.15111	0.02023	0.01809	0.11350	0.00368	0.00906	0.02535	0.03616	0.00944
62	0.01566	0.01136	0.01373	0.01050	0.01560	0.00900	0.00832	0.01883	0.01706	0.10049	0.17711	0.02742	0.05097	0.00850	0.00647	0.00154	0.00495	0.00713	0.00579	0.48958
63	0.05525	0.31214	0.12992	0.04279	0.02285	0.05053	0.01510	0.20828	0.05237	0.02753	0.01371	0.01495	0.01073	0.00732	0.00604	0.00196	0.00837	0.00520	0.00458	0.01036
64	0.01804	0.37765	0.34249	0.01625	0.02450	0.02220	0.01892	0.02319	0.01541	0.06281	0.01261	0.01416	0.00982	0.00671	0.00585	0.00194	0.00903	0.00478	0.00346	0.01017
65	0.01009	0.00742	0.00944	0.00894	0.01074	0.00677	0.00670	0.01334	0.02011	0.02805	0.62325	0.05611	0.14138	0.01527	0.00858	0.00231	0.00346	0.01340	0.00786	0.00677
66	0.01041	0.00753	0.00905	0.00896	0.01096	0.00684	0.00668	0.01269	0.01681	0.05475	0.21105	0.15388	0.34120	0.02188	0.09038	0.00354	0.00564	0.01430	0.00683	0.00662
67	0.09926	0.10866	0.16664	0.11944	0.08800	0.01678	0.01653	0.05113	0.03851	0.18473	0.03208	0.01891	0.01331	0.00766	0.00663	0.00220	0.00801	0.00607	0.00510	0.01035
68	0.02074	0.04210	0.04126	0.01365	0.01735	0.04948	0.04264	0.07998	0.04484	0.21256	0.12029	0.02615	0.02238	0.01418	0.03046	0.16742	0.03200	0.00764	0.00611	0.00877
69	0.27984	0.01120	0.01206	0.01090	0.01436	0.01153	0.00864	0.05184	0.01709	0.17447	0.13187	0.15491	0.02928	0.01230	0.00709	0.00245	0.00532	0.04968	0.00670	0.00847
70	0.01824	0.28270	0.14202	0.04925	0.02188	0.02055	0.01470	0.16621	0.01881	0.02473	0.01620	0.08525	0.01460	0.01342	0.07823	0.00302	0.00927	0.00686	0.00447	0.00957

[dist]
# distance from previous block
# <min> <max>
2	8

[block]
# block no. 1 follows, 28 sequences, length 12
# corresponding to MSA columns:
# 233-244
name=unknown_B
#
# <colnr> <probs for GDERKNQSTAVLIFYWHMCP>
#	G	D	E	R	K	N	Q	S	T	A	V	L	I	F	Y	W	H	M	C	P
0	0.01805	0.20841	0.06837	0.01432	0.01889	0.03813	0.03850	0.04053	0.12042	0.09379	0.02327	0.02466	0.08174	0.01563	0.10634	0.00350	0.06392	0.00717	0.00503	0.00934
1	0.05762	0.13248	0.06301	0.12874	0.05191	0.01507	0.01314	0.03922	0.01648	0.14540	0.06951	0.02309	0.03488	0.01389	0.09390	0.00323	0.00871	0.00672	0.00506	0.07795
2	0.10480	0.12240	0.15180	0.01402	0.02004	0.01622	0.01365	0.05486	0.11404	0.14457	0.02229	0.02480	0.04961	0.00896	0.00665	0.00218	0.00709	0.04656	0.00559	0.06987
3	0.05824	0.01554	0.08319	0.07319	0.02204	0.01308	0.04270	0.11084	0.01914	0.13960	0.06425	0.02838	0.06062	0.00936	0.00712	0.00211	0.00695	0.05581	0.00583	0.18203
4	0.00946	0.00713	0.00807	0.00825	0.00995	0.00636	0.00592	0.01149	0.01640	0.02152	0.19327	0.18463	0.35062	0.07291	0.01065	0.00281	0.00396	0.01495	0.05550	0.00616
5	0.02244	0.47092	0.03128	0.01489	0.02014	0.29598	0.01306	0.02459	0.01704	0.01737	0.01055	0.01222	0.00934	0.00671	0.00540	0.00168	0.00985	0.00420	0.00336	0.00898
6	0.00891	0.00658	0.00818	0.00942	0.01023	0.00602	0.00635	0.01021	0.01425	0.01850	0.04584	0.56028	0.17882	0.06673	0.01086	0.00311	0.00428	0.01895	0.00660	0.00586
7	0.06375	0.02192	0.02379	0.19638	0.03103	0.26360	0.14927	0.02443	0.06816	0.02102	0.01739	0.02036	0.05140	0.00794	0.00721	0.00223	0.01054	0.00678	0.00410	0.00869
8	0.02222	0.01494	0.10005	0.01342	0.01836	0.01197	0.01194	0.06077	0.11013	0.31854	0.14830	0.08603	0.02879	0.01101	0.00766	0.00234	0.00612	0.00928	0.00760	0.01054
9	0.01499	0.01446	0.02109	0.15823	0.06470	0.01875	0.01598	0.01745	0.01257	0.01851	0.01308	0.07449	0.01284	0.01167	0.01740	0.00283	0.44748	0.00741	0.00356	0.05251
10	0.61766	0.01378	0.01168	0.01002	0.01466	0.01525	0.00821	0.04976	0.01415	0.07125	0.01241	0.01382	0.00941	0.00694	0.00488	0.00213	0.00563	0.00441	0.04327	0.07067
11	0.05882	0.08463	0.04233	0.01480	0.04530	0.05609	0.02698	0.16465	0.04817	0.11345	0.02092	0.12115	0.01809	0.00987	0.00681	0.00211	0.00690	0.00806	0.07017	0.08070

[dist]
# distance from previous block
# <min> <max>
0	1

[block]
# block no. 2 follows, 28 sequences, length 8
# corresponding to MSA columns:
# 246-253
name=unknown_C
#
# <colnr> <probs for GDERKNQSTAVLIFYWHMCP>
#	G	D	E	R	K	N	Q	S	T	A	V	L	I	F	Y	W	H	M	C	P
0	0.01862	0.10831	0.08295	0.11396	0.05771	0.01626	0.04846	0.08345	0.06317	0.08710	0.01571	0.01757	0.01194	0.00692	0.00643	0.00186	0.00760	0.00572	0.00475	0.24153
1	0.01155	0.00793	0.00974	0.00963	0.01121	0.00716	0.00662	0.01298	0.01392	0.05118	0.06287	0.30285	0.06478	0.24141	0.01715	0.00388	0.00538	0.03992	0.00585	0.11398
2	0.01507	0.01292	0.01507	0.01077	0.01723	0.00969	0.00861	0.01830	0.01507	0.02369	0.01292	0.01507	0.01077	0.00538	0.00538	0.00108	0.00538	0.00431	0.00431	0.78898
3	0.02007	0.05401	0.11300	0.07982	0.06964	0.04063	0.01499	0.19216	0.06085	0.08948	0.04837	0.02431	0.05127	0.00895	0.00712	0.00215	0.00774	0.02793	0.00565	0.08186
4	0.01316	0.00969	0.01189	0.01066	0.01386	0.00843	0.00794	0.01684	0.06158	0.06211	0.13739	0.29524	0.03549	0.01399	0.00762	0.00214	0.00469	0.01235	0.00631	0.26862
5	0.01633	0.01367	0.01575	0.01136	0.01776	0.01098	0.00914	0.08416	0.01699	0.02591	0.01337	0.01531	0.01093	0.00572	0.00557	0.00119	0.00565	0.00453	0.00460	0.71108
6	0.02322	0.07065	0.01859	0.04190	0.04798	0.08443	0.01182	0.10738	0.07431	0.25175	0.06282	0.10748	0.02270	0.01080	0.00742	0.00229	0.00706	0.03032	0.00684	0.01022
7	0.01688	0.08086	0.03931	0.05375	0.02027	0.05315	0.04003	0.08145	0.23139	0.02618	0.11136	0.10599	0.02600	0.01128	0.00885	0.00241	0.06624	0.00924	0.00596	0.00941

[dist]
# distance from previous block
# <min> <max>
0	1

[block]
# block no. 3 follows, 28 sequences, length 48
# corresponding to MSA columns:
# 255-302
name=unknown_D
#
# <colnr> <probs for GDERKNQSTAVLIFYWHMCP>
#	G	D	E	R	K	N	Q	S	T	A	V	L	I	F	Y	W	H	M	C	P
0	0.08338	0.22667	0.24419	0.01563	0.02243	0.02031	0.01651	0.08899	0.08707	0.05218	0.01467	0.01615	0.01131	0.00821	0.00759	0.03462	0.03035	0.00540	0.00432	0.01002
1	0.26391	0.28941	0.18559	0.01392	0.02054	0.04991	0.01452	0.04988	0.01521	0.02463	0.01116	0.01288	0.00897	0.00671	0.00533	0.00199	0.00802	0.00440	0.00374	0.00929
2	0.00947	0.00703	0.00905	0.01007	0.01118	0.00629	0.00688	0.01095	0.01414	0.01911	0.03874	0.63980	0.07115	0.02086	0.00886	0.00274	0.00431	0.01881	0.00650	0.08404
3	0.03532	0.01710	0.12986	0.03908	0.02060	0.01220	0.01242	0.08390	0.01695	0.04211	0.01642	0.08797	0.01446	0.00789	0.00631	0.00168	0.00660	0.00648	0.00472	0.43794
4	0.02249	0.09185	0.07787	0.01397	0.01895	0.07351	0.01235	0.12868	0.04053	0.22479	0.11627	0.04685	0.04307	0.01044	0.00735	0.00224	0.00713	0.04477	0.00673	0.01014
5	0.01038	0.00779	0.01168	0.01168	0.01298	0.00909	0.00909	0.01298	0.01168	0.01687	0.01947	0.02856	0.01817	0.05452	0.71573	0.01168	0.01947	0.00779	0.00389	0.00649
6	0.01098	0.00817	0.01080	0.03193	0.01262	0.00848	0.00797	0.01396	0.01764	0.02536	0.41688	0.11454	0.07437	0.01761	0.06027	0.00306	0.06667	0.01222	0.07965	0.00683
7	0.01885	0.10236	0.18789	0.03695	0.02530	0.01681	0.13156	0.04519	0.12642	0.13305	0.02279	0.04881	0.05386	0.00881	0.00730	0.00229	0.00838	0.00774	0.00531	0.01034
8	0.07169	0.12089	0.07959	0.01434	0.02028	0.07762	0.01286	0.11360	0.02072	0.36577	0.02069	0.01940	0.01396	0.00813	0.00667	0.00211	0.00761	0.00614	0.00672	0.01120
9	0.01121	0.00762	0.00972	0.00940	0.01130	0.00693	0.00709	0.01412	0.01905	0.06476	0.45851	0.13333	0.15728	0.01620	0.00865	0.00243	0.00387	0.04391	0.00767	0.00695
10	0.09607	0.01967	0.07936	0.02390	0.03039	0.04275	0.39374	0.06030	0.05595	0.05754	0.01705	0.02248	0.01336	0.00760	0.00787	0.00243	0.01030	0.04490	0.00456	0.00980
11	0.04660	0.08292	0.05730	0.30350	0.11830	0.08604	0.09970	0.04136	0.01661	0.06026	0.01376	0.01773	0.01048	0.00706	0.00701	0.00223	0.00969	0.00623	0.00386	0.00934
12	0.01209	0.00878	0.01043	0.00991	0.01061	0.00958	0.00658	0.04450	0.05068	0.01713	0.02178	0.04044	0.02337	0.52722	0.12987	0.00699	0.05015	0.00961	0.00457	0.00569
13	0.01054	0.00715	0.00847	0.00847	0.00865	0.00734	0.00508	0.01092	0.01073	0.01449	0.02241	0.04484	0.02524	0.64568	0.13424	0.00771	0.00883	0.01017	0.00433	0.00470
14	0.01223	0.01105	0.04731	0.09878	0.01811	0.01083	0.01058	0.06349	0.04763	0.02158	0.06075	0.35363	0.08552	0.05847	0.01124	0.00296	0.05852	0.01417	0.00587	0.00728
15	0.11311	0.01782	0.06934	0.01478	0.02027	0.01731	0.01286	0.30935	0.08263	0.17401	0.05266	0.02319	0.01741	0.00924	0.00711	0.00229	0.00710	0.03134	0.00702	0.01118
16	0.01430	0.03365	0.60773	0.01931	0.02887	0.01593	0.02420	0.02276	0.04461	0.02395	0.08183	0.01974	0.01569	0.00783	0.00709	0.00231	0.00980	0.00627	0.00375	0.01039
17	0.00886	0.00633	0.00843	0.01012	0.01054	0.00590	0.00675	0.01012	0.01392	0.01856	0.04006	0.73979	0.04808	0.02277	0.00928	0.00295	0.00422	0.02066	0.00675	0.00590
18	0.01381	0.01681	0.13430	0.45480	0.09315	0.01560	0.01994	0.01871	0.01462	0.01967	0.01557	0.09033	0.01358	0.00892	0.00810	0.00247	0.03977	0.00769	0.00358	0.00857
19	0.02896	0.01148	0.01562	0.01243	0.01731	0.00999	0.01007	0.03165	0.02010	0.59705	0.06810	0.09778	0.02390	0.01071	0.00758	0.00232	0.00583	0.00898	0.00872	0.01141
20	0.01373	0.01292	0.02180	0.72707	0.05006	0.01615	0.02019	0.01857	0.01453	0.01857	0.01292	0.01938	0.00969	0.00727	0.00727	0.00242	0.00969	0.00646	0.00323	0.00807
21	0.01458	0.03760	0.70688	0.02072	0.03146	0.01688	0.02686	0.02302	0.01535	0.02302	0.01304	0.01535	0.00921	0.00691	0.00691	0.00230	0.01074	0.00537	0.00307	0.01074
22	0.01567	0.02388	0.30024	0.04506	0.17501	0.01511	0.08666	0.02157	0.01619	0.04423	0.06814	0.02031	0.01537	0.00902	0.03298	0.00251	0.00947	0.00663	0.00398	0.08797
23	0.02166	0.01889	0.08998	0.08831	0.02550	0.04285	0.07556	0.22492	0.05082	0.12881	0.04881	0.02278	0.04615	0.00925	0.00889	0.00236	0.07073	0.00739	0.00590	0.01046
24	0.01038	0.00779	0.01168	0.01168	0.01298	0.00909	0.00909	0.01298	0.01168	0.01687	0.01947	0.02856	0.01817	0.05452	0.71573	0.01168	0.01947	0.00779	0.00389	0.00649
25	0.01977	0.01202	0.01632	0.10561	0.04560	0.01197	0.03142	0.09338	0.05150	0.22894	0.10503	0.10320	0.12005	0.01193	0.00785	0.00238	0.00624	0.01026	0.00698	0.00955
26	0.06079	0.01424	0.02123	0.28234	0.18918	0.01588	0.03577	0.02366	0.14447	0.05095	0.01949	0.02339	0.03860	0.03952	0.00848	0.00255	0.00805	0.00726	0.00462	0.00953
27	0.00961	0.00692	0.00936	0.01037	0.01129	0.00667	0.00748	0.01169	0.01546	0.02108	0.18525	0.45133	0.04911	0.02390	0.07967	0.00371	0.00580	0.07829	0.00674	0.00625
28	0.00941	0.00656	0.00827	0.00941	0.00969	0.00628	0.00599	0.01027	0.01283	0.01710	0.03448	0.51461	0.04103	0.25757	0.01830	0.00428	0.00514	0.01738	0.00599	0.00542
29	0.03977	0.08351	0.01627	0.07360	0.01771	0.01320	0.01032	0.02088	0.06851	0.15434	0.05790	0.12788	0.06195	0.07823	0.04021	0.00320	0.07889	0.00966	0.03558	0.00839
30	0.32669	0.02245	0.04110	0.01538	0.04741	0.28160	0.01176	0.02516	0.04827	0.05411	0.01424	0.05579	0.01207	0.00819	0.00602	0.00215	0.00874	0.00569	0.00458	0.00860
31	0.01075	0.00751	0.01028	0.01028	0.01130	0.00836	0.00754	0.01279	0.01177	0.01722	0.02073	0.03306	0.02023	0.21848	0.47903	0.00955	0.01483	0.00837	0.08194	0.00601
32	0.01355	0.00678	0.00678	0.00678	0.00847	0.00678	0.00508	0.01694	0.01524	0.02710	0.02371	0.02710	0.01863	0.00847	0.00508	0.00169	0.00339	0.00678	0.78489	0.00678
33	0.01605	0.01347	0.01941	0.26347	0.12838	0.01514	0.01525	0.14099	0.01905	0.02579	0.12301	0.06630	0.02294	0.05806	0.01020	0.00268	0.03732	0.00859	0.00507	0.00883
34	0.02987	0.01275	0.01687	0.01321	0.01842	0.01177	0.01085	0.10032	0.02130	0.56654	0.02658	0.02436	0.01742	0.01351	0.07798	0.00318	0.00770	0.00728	0.00831	0.01178
35	0.00959	0.00746	0.00973	0.01063	0.01132	0.00761	0.00751	0.01105	0.01426	0.01904	0.06931	0.55420	0.12640	0.02088	0.01062	0.00288	0.07665	0.01825	0.00645	0.00618
36	0.01459	0.00825	0.01120	0.01084	0.01294	0.00795	0.00816	0.01680	0.01560	0.16948	0.08974	0.26350	0.09521	0.02759	0.20705	0.00515	0.00882	0.01300	0.00655	0.00759
37	0.01522	0.01530	0.04991	0.35037	0.10244	0.04441	0.07413	0.04586	0.01593	0.02117	0.01697	0.08301	0.01513	0.00941	0.00849	0.00246	0.05032	0.03714	0.03377	0.00856
38	0.01127	0.00909	0.01338	0.01287	0.01396	0.01120	0.01018	0.01370	0.01159	0.01697	0.01788	0.02653	0.01679	0.04782	0.60489	0.01032	0.13350	0.00756	0.00378	0.00672
39	0.00892	0.00662	0.00836	0.00971	0.01059	0.00605	0.00672	0.01039	0.01456	0.01890	0.04663	0.57963	0.17586	0.02180	0.00917	0.00287	0.00422	0.04626	0.00675	0.00598
40	0.01433	0.01382	0.02413	0.40710	0.13340	0.01575	0.10616	0.01879	0.01485	0.01978	0.01651	0.02223	0.04226	0.01217	0.07458	0.00329	0.04145	0.00727	0.00356	0.00855
41	0.14997	0.01333	0.01804	0.04447	0.05102	0.01317	0.06299	0.08092	0.01874	0.32976	0.02304	0.09261	0.01771	0.01152	0.03743	0.00274	0.00735	0.00808	0.00678	0.01033
42	0.10355	0.01817	0.01959	0.01552	0.02078	0.04862	0.04039	0.37704	0.09638	0.11262	0.02207	0.02163	0.05266	0.00907	0.00711	0.00224	0.00747	0.00705	0.00686	0.01118
43	0.02553	0.01263	0.01583	0.01287	0.01752	0.01220	0.01037	0.06904	0.15582	0.41350	0.14366	0.02992	0.02728	0.01017	0.00754	0.00230	0.00572	0.00846	0.00840	0.01124
44	0.01670	0.01438	0.02267	0.33831	0.13415	0.04159	0.08241	0.02155	0.04364	0.08842	0.01936	0.05513	0.04129	0.01042	0.03655	0.00275	0.00932	0.00783	0.00442	0.00909
45	0.01745	0.01786	0.05352	0.34308	0.06649	0.04980	0.18345	0.11407	0.01828	0.02395	0.01388	0.01857	0.01044	0.00731	0.00803	0.00238	0.03122	0.00688	0.00395	0.00937
46	0.12066	0.07750	0.10773	0.03557	0.02073	0.01519	0.08675	0.08535	0.07314	0.02547	0.02555	0.15834	0.08659	0.01126	0.00723	0.00235	0.00711	0.00964	0.00523	0.03860
47	0.01646	0.01501	0.04908	0.05919	0.08842	0.01577	0.05052	0.11138	0.04956	0.04485	0.07769	0.12332	0.05075	0.01191	0.01143	0.00254	0.16984	0.00946	0.00529	0.03754

[dist]
# distance from previous block
# <min> <max>
0	25

[block]
# block no. 4 follows, 28 sequences, length 79
# corresponding to MSA columns:
# 328-406
name=unknown_E
#
# <colnr> <probs for GDERKNQSTAVLIFYWHMCP>
#	G	D	E	R	K	N	Q	S	T	A	V	L	I	F	Y	W	H	M	C	P
0	0.04526	0.12321	0.24983	0.06556	0.04772	0.05500	0.07560	0.06871	0.06788	0.02364	0.01599	0.06342	0.01340	0.00948	0.02480	0.00249	0.02727	0.00684	0.00413	0.00978
1	0.01467	0.01605	0.09563	0.13259	0.20866	0.01421	0.09022	0.01996	0.04337	0.02233	0.02448	0.03823	0.06329	0.01100	0.00816	0.00258	0.00849	0.17230	0.00465	0.00914
2	0.01506	0.00825	0.01077	0.01061	0.01248	0.00752	0.00763	0.01667	0.01513	0.17572	0.03315	0.37784	0.03533	0.14902	0.01372	0.00348	0.00539	0.05657	0.00674	0.03891
3	0.01591	0.01348	0.02181	0.43298	0.15925	0.01567	0.01841	0.04217	0.01555	0.06443	0.01481	0.02027	0.01155	0.01252	0.08347	0.00337	0.03487	0.00666	0.00388	0.00895
4	0.01952	0.01659	0.07034	0.14780	0.05624	0.01537	0.22040	0.04738	0.07271	0.16197	0.04150	0.02213	0.01512	0.00868	0.00883	0.04368	0.00903	0.00759	0.00519	0.00992
5	0.01957	0.01354	0.01653	0.01643	0.08944	0.03362	0.01153	0.13629	0.12198	0.14555	0.10107	0.09902	0.02650	0.04281	0.06918	0.00334	0.00757	0.02951	0.00671	0.00979
6	0.00922	0.00735	0.00829	0.00828	0.01035	0.00641	0.00621	0.01156	0.01762	0.02253	0.25975	0.10876	0.44246	0.01766	0.00868	0.00246	0.00374	0.03519	0.00713	0.00636
7	0.02364	0.01599	0.09280	0.17178	0.09223	0.01388	0.01565	0.06207	0.04170	0.33698	0.02197	0.04531	0.01548	0.00863	0.00731	0.00231	0.00768	0.00727	0.00637	0.01094
8	0.07838	0.20998	0.18394	0.06103	0.02320	0.07786	0.01552	0.04887	0.08792	0.06468	0.01686	0.07148	0.01420	0.00852	0.00641	0.00214	0.00830	0.00653	0.00452	0.00966
9	0.01468	0.01334	0.02011	0.58433	0.04312	0.05158	0.01804	0.01890	0.01504	0.04632	0.01637	0.09619	0.01411	0.00901	0.00745	0.00244	0.00914	0.00792	0.00387	0.00804
10	0.01038	0.00779	0.01168	0.01168	0.01298	0.00909	0.00909	0.01298	0.01168	0.01687	0.01947	0.02856	0.01817	0.05452	0.71573	0.01168	0.01947	0.00779	0.00389	0.00649
11	0.01038	0.00779	0.01168	0.01168	0.01298	0.00909	0.00909	0.01298	0.01168	0.01687	0.01947	0.02856	0.01817	0.05452	0.71573	0.01168	0.01947	0.00779	0.00389	0.00649
12	0.01400	0.01325	0.02208	0.65975	0.06868	0.01658	0.01998	0.01862	0.01438	0.01867	0.01273	0.01911	0.00974	0.00759	0.00833	0.00246	0.05618	0.00645	0.00324	0.00818
13	0.01635	0.10047	0.57419	0.01977	0.02936	0.09252	0.02421	0.02355	0.01586	0.02194	0.01259	0.01478	0.00924	0.00691	0.00667	0.00219	0.01073	0.00517	0.00315	0.01037
14	0.02095	0.01183	0.01425	0.01214	0.01615	0.01172	0.00960	0.02930	0.22739	0.28295	0.17047	0.03637	0.10210	0.01147	0.00773	0.00235	0.00522	0.00965	0.00805	0.01031
15	0.02957	0.01313	0.01815	0.01635	0.09108	0.01191	0.01192	0.07219	0.02116	0.55562	0.06143	0.02513	0.01961	0.00902	0.00736	0.00224	0.00641	0.00748	0.00826	0.01199
16	0.01664	0.01591	0.02382	0.47966	0.07099	0.07124	0.08846	0.04351	0.05586	0.04250	0.01464	0.01942	0.01097	0.00738	0.00736	0.00236	0.00979	0.00668	0.00390	0.00892
17	0.00951	0.00693	0.00861	0.00968	0.01058	0.00650	0.00681	0.01095	0.01422	0.01843	0.04312	0.40016	0.16486	0.14820	0.01412	0.00363	0.00496	0.10660	0.00633	0.00580
18	0.03261	0.01237	0.01687	0.01293	0.01856	0.01068	0.01068	0.03543	0.02081	0.70423	0.02868	0.02474	0.01799	0.00900	0.00731	0.00225	0.00619	0.00731	0.00900	0.01237
19	0.01659	0.01367	0.02247	0.49774	0.16639	0.01554	0.01915	0.02106	0.01560	0.09294	0.01474	0.01954	0.01096	0.00724	0.00719	0.00231	0.00896	0.00648	0.00395	0.03750
20	0.00997	0.00715	0.00933	0.00981	0.01094	0.00678	0.00695	0.01273	0.03993	0.02360	0.33885	0.37528	0.05529	0.01879	0.00958	0.03112	0.00399	0.01627	0.00721	0.00643
21	0.01032	0.00700	0.00877	0.00970	0.01097	0.00631	0.00681	0.01187	0.01505	0.06103	0.04749	0.51718	0.20377	0.02080	0.00901	0.00280	0.00427	0.03358	0.00689	0.00638
22	0.01071	0.00753	0.01007	0.01025	0.01111	0.00815	0.00743	0.01241	0.01192	0.01668	0.02297	0.04152	0.02389	0.31459	0.35517	0.00867	0.01278	0.07743	0.03102	0.00572
23	0.01048	0.00682	0.00913	0.01039	0.01123	0.00633	0.00719	0.01199	0.01467	0.06117	0.06069	0.64681	0.04664	0.02156	0.00916	0.00290	0.00441	0.04512	0.00692	0.00636
24	0.01576	0.01822	0.09537	0.01926	0.02041	0.02169	0.01707	0.01808	0.01158	0.01808	0.00992	0.01584	0.00951	0.01210	0.02205	0.00309	0.65430	0.00626	0.00317	0.00825
25	0.00953	0.00681	0.00921	0.01089	0.01161	0.00649	0.00792	0.01129	0.01458	0.01931	0.03969	0.58418	0.04660	0.02214	0.00946	0.00305	0.00480	0.16961	0.00673	0.00609
26	0.01022	0.00763	0.01134	0.01152	0.01272	0.00875	0.00884	0.01268	0.01192	0.01705	0.02167	0.10450	0.02137	0.05113	0.64030	0.01075	0.01784	0.00916	0.00420	0.00643
27	0.00953	0.00727	0.00991	0.08628	0.01473	0.00714	0.00807	0.01149	0.01506	0.01996	0.12073	0.51215	0.11113	0.01971	0.00891	0.00276	0.00465	0.01770	0.00653	0.00628
28	0.02037	0.01431	0.01668	0.08959	0.02061	0.01564	0.01140	0.25772	0.12091	0.09613	0.02196	0.02961	0.01864	0.19486	0.01489	0.00352	0.00738	0.02991	0.00628	0.00958
29	0.01150	0.00884	0.01074	0.01074	0.01252	0.00900	0.00784	0.01794	0.16509	0.02567	0.31571	0.29173	0.05106	0.01657	0.00856	0.00256	0.00422	0.01473	0.00742	0.00755
30	0.02103	0.01404	0.01585	0.01348	0.01777	0.01495	0.01069	0.11755	0.33127	0.18081	0.10231	0.03140	0.07497	0.01069	0.00758	0.00236	0.00574	0.00885	0.00775	0.01091
31	0.01336	0.01233	0.02051	0.65041	0.04588	0.01516	0.01876	0.01805	0.01518	0.01970	0.08579	0.02311	0.01598	0.00808	0.00741	0.00241	0.00902	0.00717	0.00374	0.00795
32	0.01582	0.20221	0.52262	0.01922	0.02877	0.01971	0.05148	0.02274	0.01529	0.02166	0.01243	0.01467	0.00931	0.00671	0.00646	0.00213	0.01012	0.00517	0.00310	0.01037
33	0.01049	0.00798	0.00954	0.00914	0.01102	0.00755	0.00673	0.01456	0.07047	0.02562	0.43165	0.07998	0.19907	0.07131	0.01068	0.00273	0.00397	0.01332	0.00736	0.00684
34	0.02289	0.01682	0.01844	0.01506	0.01951	0.01834	0.01203	0.50716	0.02906	0.03893	0.02316	0.19976	0.02138	0.01227	0.00778	0.00238	0.00704	0.01011	0.00714	0.01073
35	0.06492	0.01279	0.08841	0.04223	0.01737	0.01098	0.06662	0.05642	0.03828	0.01894	0.01364	0.02029	0.01204	0.01812	0.01989	0.47560	0.00747	0.00634	0.00370	0.00593
36	0.01889	0.01208	0.01877	0.35522	0.07352	0.01304	0.01527	0.02287	0.01751	0.21998	0.13442	0.02683	0.02230	0.00902	0.00750	0.00233	0.00754	0.00785	0.00575	0.00932
37	0.01185	0.00830	0.00987	0.01059	0.01191	0.03126	0.00743	0.01421	0.04221	0.07500	0.08405	0.53933	0.08646	0.01981	0.00886	0.00276	0.00466	0.01769	0.00694	0.00682
38	0.01288	0.01433	0.10365	0.04250	0.01939	0.01387	0.05581	0.01620	0.01254	0.01847	0.01606	0.02378	0.01461	0.06224	0.33996	0.00705	0.18370	0.00724	0.02817	0.00756
39	0.02935	0.01313	0.01767	0.08954	0.02219	0.01247	0.01194	0.07314	0.06385	0.54710	0.02636	0.02387	0.01703	0.00885	0.00731	0.00228	0.00664	0.00723	0.00817	0.01186
40	0.01804	0.09850	0.31738	0.01888	0.02653	0.01868	0.08778	0.16309	0.06221	0.02799	0.04204	0.02160	0.01487	0.00833	0.00720	0.00228	0.00921	0.04018	0.00469	0.01054
41	0.01716	0.01961	0.04289	0.03064	0.03799	0.01838	0.67279	0.02328	0.01716	0.02328	0.01471	0.01961	0.01103	0.00613	0.00858	0.00245	0.01225	0.00858	0.00368	0.00980
42	0.01359	0.01015	0.01265	0.04080	0.01566	0.01044	0.00999	0.10650	0.05531	0.02751	0.26144	0.05608	0.08624	0.04294	0.00983	0.00282	0.00564	0.21766	0.00704	0.00772
43	0.04113	0.01190	0.01809	0.09363	0.09959	0.01188	0.07365	0.05311	0.01771	0.09050	0.10659	0.13123	0.04606	0.01286	0.00820	0.00254	0.00690	0.13045	0.00594	0.03804
44	0.01700	0.01441	0.02027	0.34085	0.05835	0.05071	0.01645	0.04151	0.03688	0.08703	0.03696	0.04132	0.01433	0.01133	0.04121	0.00292	0.14823	0.00717	0.00436	0.00869
45	0.01670	0.01813	0.03673	0.02624	0.03339	0.01646	0.52573	0.02218	0.01670	0.02337	0.01431	0.01860	0.01097	0.00596	0.00787	0.00215	0.01073	0.00763	0.00382	0.18233
46	0.10871	0.40249	0.10183	0.01433	0.02038	0.12300	0.01378	0.07912	0.03838	0.02246	0.01183	0.01326	0.00982	0.00686	0.00546	0.00184	0.00856	0.00453	0.00384	0.00951
47	0.00950	0.00688	0.00902	0.00989	0.01093	0.00640	0.00707	0.01164	0.01639	0.02222	0.25036	0.43583	0.09129	0.01981	0.00907	0.00274	0.00411	0.06342	0.00714	0.00628
48	0.01057	0.00705	0.00793	0.00793	0.00793	0.00705	0.00440	0.01057	0.01057	0.01409	0.02290	0.04757	0.02643	0.74454	0.03700	0.00705	0.00705	0.01057	0.00440	0.00440
49	0.01662	0.12057	0.09318	0.08912	0.09303	0.01380	0.01358	0.02058	0.01802	0.12523	0.25684	0.03308	0.03298	0.01040	0.00741	0.00222	0.00657	0.03181	0.00590	0.00907
50	0.19524	0.04365	0.01672	0.08607	0.02040	0.01591	0.01140	0.17561	0.04591	0.12509	0.01767	0.01992	0.01341	0.01663	0.13842	0.00397	0.00928	0.00626	0.02893	0.00950
51	0.00942	0.00674	0.00904	0.01049	0.01123	0.00636	0.00748	0.01122	0.01503	0.02015	0.10981	0.57165	0.04937	0.02154	0.00931	0.00294	0.00449	0.11074	0.00687	0.00612
52	0.01576	0.01283	0.01811	0.26171	0.10151	0.01485	0.01458	0.08248	0.08805	0.02455	0.01783	0.02208	0.01405	0.01220	0.06871	0.00306	0.04600	0.00683	0.16599	0.00881
53	0.01140	0.00728	0.00948	0.00959	0.01087	0.00792	0.00718	0.01399	0.01298	0.02033	0.02254	0.07536	0.02089	0.08918	0.37098	0.00729	0.01194	0.00848	0.27593	0.00639
54	0.01897	0.29071	0.17465	0.01515	0.02156	0.02114	0.01527	0.06348	0.18613	0.06579	0.01845	0.02054	0.01466	0.00820	0.00638	0.00210	0.00778	0.03366	0.00493	0.01043
55	0.01140	0.00636	0.00907	0.00956	0.00968	0.00624	0.00632	0.00973	0.01083	0.01444	0.02126	0.23233	0.02382	0.07091	0.02340	0.50981	0.00575	0.01076	0.00428	0.00404
56	0.05889	0.04491	0.16387	0.04154	0.02179	0.01405	0.03466	0.06344	0.03923	0.12446	0.03660	0.07489	0.03772	0.00906	0.00750	0.00210	0.03653	0.00732	0.00524	0.17621
57	0.01858	0.02266	0.10900	0.02524	0.03124	0.09362	0.36937	0.07539	0.01770	0.02353	0.01352	0.01766	0.01051	0.00766	0.01059	0.00247	0.13052	0.00728	0.00382	0.00966
58	0.08414	0.01991	0.21147	0.18060	0.02840	0.04418	0.03916	0.02090	0.01505	0.09188	0.01648	0.07034	0.01360	0.01126	0.03101	0.06591	0.00900	0.00700	0.00424	0.03546
59	0.01390	0.01303	0.02159	0.69857	0.04882	0.01623	0.01984	0.01937	0.04140	0.01905	0.01359	0.01969	0.01019	0.00737	0.00727	0.00242	0.00953	0.00653	0.00340	0.00821
60	0.01685	0.02108	0.11126	0.02980	0.08656	0.01842	0.50592	0.02276	0.01648	0.02287	0.01407	0.01876	0.01076	0.00672	0.00941	0.00247	0.06443	0.00791	0.00357	0.00990
61	0.00966	0.00666	0.00820	0.00909	0.00931	0.00644	0.00565	0.01033	0.01234	0.01646	0.03200	0.41440	0.03790	0.36206	0.02231	0.00488	0.00555	0.01592	0.00565	0.00520
62	0.02101	0.01737	0.11205	0.01537	0.02043	0.01536	0.03989	0.09572	0.24321	0.17779	0.02286	0.02287	0.01661	0.01043	0.00969	0.07338	0.03066	0.00718	0.03758	0.01055
63	0.03841	0.00841	0.00846	0.00790	0.01011	0.00871	0.00608	0.08582	0.01714	0.02922	0.02265	0.02563	0.01765	0.00844	0.00529	0.00176	0.00394	0.00667	0.68031	0.00739
64	0.01072	0.00696	0.00905	0.01011	0.01120	0.00636	0.00705	0.01223	0.01482	0.07117	0.04295	0.59143	0.11894	0.02115	0.00907	0.00285	0.00437	0.03621	0.00692	0.00645
65	0.01060	0.00714	0.00830	0.00836	0.00850	0.00722	0.00496	0.01088	0.01085	0.01454	0.02322	0.04753	0.02642	0.67513	0.07983	0.00722	0.00784	0.03240	0.00445	0.00462
66	0.01655	0.01783	0.03298	0.02508	0.02890	0.02025	0.35702	0.02050	0.01426	0.02050	0.01222	0.01783	0.01031	0.00930	0.01592	0.00280	0.35787	0.00751	0.00344	0.00891
67	0.01507	0.01292	0.01507	0.01077	0.01723	0.00969	0.00861	0.01830	0.01507	0.02369	0.01292	0.01507	0.01077	0.00538	0.00538	0.00108	0.00538	0.00431	0.00431	0.78898
68	0.00964	0.00703	0.00886	0.00936	0.01054	0.00651	0.00665	0.01173	0.01643	0.02214	0.27232	0.30650	0.14053	0.09017	0.01170	0.00307	0.00428	0.04941	0.00695	0.00616
69	0.00913	0.00672	0.00863	0.01005	0.01093	0.00622	0.00711	0.01072	0.01465	0.01908	0.04518	0.56062	0.14947	0.02178	0.00926	0.00292	0.00441	0.09033	0.00674	0.00603
70	0.01079	0.00707	0.00804	0.00804	0.00823	0.00713	0.00470	0.01118	0.01099	0.01523	0.02278	0.04501	0.02540	0.65202	0.07023	0.00688	0.00742	0.01013	0.06403	0.00470
71	0.02184	0.02416	0.01960	0.01715	0.02045	0.39081	0.05757	0.02430	0.01900	0.06414	0.10674	0.02566	0.05392	0.01008	0.00910	0.00222	0.08728	0.03278	0.00485	0.00833
72	0.01704	0.01738	0.02151	0.01860	0.01934	0.07763	0.01528	0.02068	0.08396	0.01890	0.01182	0.01688	0.01088	0.01200	0.02070	0.00300	0.59594	0.00642	0.00368	0.00837
73	0.79588	0.01406	0.01068	0.00956	0.01406	0.01631	0.00787	0.02137	0.01237	0.03261	0.01012	0.01181	0.00787	0.00675	0.00450	0.00225	0.00562	0.00394	0.00450	0.00787
74	0.01647	0.01199	0.01412	0.01324	0.05869	0.03864	0.00954	0.09662	0.03561	0.10279	0.31732	0.03955	0.10917	0.01190	0.00775	0.00214	0.00528	0.01013	0.00703	0.09202
75	0.01070	0.00761	0.00964	0.00931	0.01114	0.00686	0.00682	0.01340	0.01822	0.04369	0.42576	0.19023	0.12030	0.04112	0.00949	0.00253	0.00391	0.01416	0.00734	0.04777
76	0.01501	0.01133	0.01257	0.01199	0.01454	0.03142	0.00912	0.06508	0.18660	0.06580	0.05658	0.17005	0.11218	0.09435	0.03571	0.00340	0.00625	0.08312	0.00668	0.00824
77	0.00950	0.00693	0.00894	0.00943	0.01063	0.00637	0.00669	0.01182	0.01724	0.02356	0.34687	0.36384	0.11376	0.01873	0.00889	0.00260	0.00381	0.01672	0.00733	0.00637
78	0.06010	0.02686	0.34407	0.15462	0.03163	0.06334	0.04733	0.04596	0.01586	0.04584	0.01312	0.01640	0.00976	0.00773	0.00872	0.00239	0.08715	0.00580	0.00361	0.00970

[dist]
# distance from previous block
# <min> <max>
0	4

[block]
# block no. 5 follows, 28 sequences, length 31
# corresponding to MSA columns:
# 411-441
name=unknown_F
#
# <colnr> <probs for GDERKNQSTAVLIFYWHMCP>
#	G	D	E	R	K	N	Q	S	T	A	V	L	I	F	Y	W	H	M	C	P
0	0.51498	0.18294	0.05170	0.01156	0.01668	0.08050	0.01037	0.02221	0.01378	0.02734	0.01036	0.01206	0.00840	0.00670	0.00483	0.00206	0.00702	0.00406	0.00405	0.00839
1	0.15298	0.05480	0.08091	0.16852	0.07977	0.04002	0.01441	0.04616	0.07078	0.07537	0.12558	0.02356	0.02070	0.00865	0.00681	0.00226	0.00736	0.00701	0.00515	0.00919
2	0.01708	0.01285	0.01694	0.01243	0.01831	0.01026	0.06200	0.02032	0.01597	0.11163	0.04336	0.02003	0.01491	0.04594	0.00772	0.00171	0.00605	0.00573	0.00502	0.55174
3	0.00937	0.00690	0.00877	0.00934	0.01056	0.00630	0.00661	0.01154	0.01686	0.02277	0.29581	0.37907	0.15110	0.01910	0.00891	0.00262	0.00384	0.01701	0.00723	0.00630
4	0.02016	0.09378	0.10668	0.01540	0.02137	0.01795	0.03543	0.18809	0.18239	0.07059	0.01995	0.04957	0.01560	0.00855	0.00684	0.00208	0.00726	0.00691	0.00588	0.12551
5	0.02174	0.01607	0.09922	0.01317	0.01889	0.01250	0.01168	0.12549	0.01922	0.23501	0.01988	0.02297	0.01523	0.11009	0.01085	0.00259	0.00692	0.00658	0.00608	0.22583
6	0.01988	0.07965	0.10960	0.11816	0.05072	0.03544	0.09173	0.06180	0.09854	0.14944	0.01926	0.05139	0.01476	0.00825	0.00712	0.00221	0.00828	0.00717	0.00529	0.06132
7	0.01542	0.07744	0.21479	0.30882	0.13995	0.01706	0.03824	0.02085	0.01528	0.03682	0.01426	0.04371	0.01143	0.00754	0.00706	0.00230	0.00946	0.00655	0.00351	0.00951
8	0.01172	0.00706	0.00945	0.01046	0.01151	0.00648	0.00722	0.01318	0.01475	0.10135	0.03869	0.65345	0.04444	0.02111	0.00904	0.00287	0.00445	0.01905	0.00702	0.00669
9	0.04816	0.01299	0.02255	0.42549	0.03835	0.01478	0.12853	0.01841	0.01536	0.02112	0.09609	0.02412	0.01771	0.01221	0.07111	0.00323	0.01007	0.00764	0.00400	0.00807
10	0.01868	0.02344	0.27913	0.11216	0.05232	0.01676	0.04010	0.05478	0.10645	0.13154	0.01767	0.01931	0.01270	0.00824	0.00868	0.00240	0.07373	0.00648	0.00484	0.01057
11	0.01048	0.00854	0.01150	0.01081	0.01297	0.00785	0.05759	0.04126	0.01721	0.02240	0.16593	0.28704	0.28320	0.01788	0.00876	0.00258	0.00466	0.01584	0.00676	0.00674
12	0.02715	0.03464	0.02060	0.01873	0.02247	0.71536	0.01404	0.02903	0.02060	0.01779	0.01124	0.01311	0.00936	0.00749	0.00655	0.00187	0.01311	0.00468	0.00375	0.00843
13	0.01299	0.01117	0.01563	0.07794	0.01832	0.01399	0.01187	0.01760	0.09319	0.01870	0.01779	0.02523	0.01611	0.06365	0.36656	0.00744	0.19275	0.00748	0.00410	0.00751
14	0.01050	0.00905	0.01186	0.19867	0.02098	0.00928	0.00987	0.01393	0.04049	0.02064	0.11789	0.11349	0.36623	0.01517	0.00826	0.00247	0.00537	0.01298	0.00597	0.00690
15	0.01373	0.01292	0.02180	0.72707	0.05006	0.01615	0.02019	0.01857	0.01453	0.01857	0.01292	0.01938	0.00969	0.00727	0.00727	0.00242	0.00969	0.00646	0.00323	0.00807
16	0.01642	0.02414	0.28314	0.24818	0.03401	0.04234	0.02059	0.10038	0.04543	0.02382	0.01428	0.01843	0.01089	0.03230	0.00912	0.00253	0.05426	0.00620	0.00389	0.00964
17	0.04463	0.02253	0.24051	0.15013	0.05272	0.01737	0.07382	0.08202	0.09784	0.04311	0.01776	0.02022	0.03570	0.00829	0.00842	0.00241	0.06134	0.00675	0.00441	0.01001
