[name]
unknown

[dist]
# distance from previous block
# <min> <max>
27	94

[block]
# block no. 0 follows, 26 sequences, length 9
# corresponding to MSA columns:
# 106-114
name=unknown_A
#
# <colnr> <probs for GDERKNQSTAVLIFYWHMCP>
#	G	D	E	R	K	N	Q	S	T	A	V	L	I	F	Y	W	H	M	C	P
0	0.15954	0.01928	0.07372	0.01740	0.08501	0.12842	0.01327	0.06686	0.01956	0.17293	0.09807	0.07240	0.02205	0.00998	0.00722	0.00233	0.00784	0.00794	0.00616	0.01000
1	0.25699	0.01536	0.01443	0.01258	0.01662	0.06337	0.00982	0.08569	0.12820	0.02870	0.01782	0.02214	0.01503	0.08617	0.10210	0.00401	0.00872	0.00646	0.00532	0.10046
2	0.01539	0.01328	0.01378	0.01271	0.01585	0.06167	0.00956	0.06110	0.19452	0.02675	0.13216	0.22328	0.06937	0.01444	0.00819	0.00245	0.00573	0.01245	0.00693	0.10039
3	0.01726	0.08313	0.18238	0.01939	0.10056	0.08336	0.01636	0.07394	0.01802	0.02414	0.02031	0.16101	0.01989	0.01096	0.00745	0.00227	0.00842	0.03414	0.00480	0.11220
4	0.01342	0.00855	0.01222	0.09462	0.01648	0.00916	0.00936	0.01457	0.07712	0.01713	0.01991	0.09492	0.01983	0.02184	0.02137	0.47230	0.00678	0.06069	0.00440	0.00534
5	0.01608	0.01024	0.01262	0.01250	0.01492	0.01036	0.00932	0.02285	0.18027	0.13775	0.03693	0.39141	0.03762	0.01775	0.00889	0.00285	0.00532	0.05586	0.00761	0.00883
6	0.07370	0.01720	0.09606	0.10432	0.02291	0.08057	0.01330	0.05229	0.01747	0.11093	0.02363	0.22198	0.02278	0.01225	0.00764	0.00241	0.00757	0.01035	0.00568	0.09698
7	0.41703	0.10141	0.01745	0.01291	0.01771	0.09739	0.01059	0.06018	0.14877	0.03065	0.01520	0.01600	0.01183	0.00783	0.00572	0.00226	0.00717	0.00524	0.00520	0.00947
8	0.01878	0.01213	0.01421	0.01291	0.01647	0.01246	0.01019	0.04598	0.23816	0.16696	0.07164	0.08297	0.12034	0.04683	0.00982	0.00287	0.00584	0.09384	0.00773	0.00986

[dist]
# distance from previous block
# <min> <max>
1	4

[block]
# block no. 1 follows, 26 sequences, length 7
# corresponding to MSA columns:
# 119-125
name=unknown_B
#
# <colnr> <probs for GDERKNQSTAVLIFYWHMCP>
#	G	D	E	R	K	N	Q	S	T	A	V	L	I	F	Y	W	H	M	C	P
0	0.17621	0.06703	0.01881	0.01454	0.01946	0.11626	0.01175	0.13354	0.16447	0.14374	0.04672	0.02104	0.01692	0.00890	0.00682	0.00228	0.00758	0.00662	0.00656	0.01075
1	0.06074	0.05922	0.01930	0.11359	0.02395	0.01627	0.01276	0.14866	0.09798	0.07142	0.01961	0.02494	0.01599	0.00890	0.00701	0.00211	0.00718	0.06329	0.00579	0.22128
2	0.02049	0.06971	0.02000	0.09480	0.02292	0.07473	0.01284	0.10307	0.05386	0.11034	0.01823	0.04832	0.01486	0.01328	0.07171	0.00303	0.06587	0.00686	0.00538	0.16970
3	0.17500	0.10190	0.01979	0.06046	0.08049	0.01805	0.01244	0.11855	0.13313	0.06031	0.04702	0.07731	0.01897	0.00971	0.00683	0.00233	0.00681	0.00774	0.03307	0.01007
4	0.01997	0.01147	0.01415	0.01230	0.01629	0.01070	0.00994	0.07429	0.06032	0.22650	0.10395	0.08216	0.13694	0.01387	0.00836	0.00250	0.00576	0.10691	0.00774	0.07589
5	0.12672	0.08167	0.02047	0.08650	0.02222	0.07279	0.05545	0.03953	0.09153	0.02438	0.05602	0.07008	0.03537	0.03840	0.01064	0.00262	0.10275	0.00799	0.00496	0.04992
6	0.04502	0.10230	0.01677	0.07544	0.01862	0.01342	0.01028	0.06356	0.05753	0.14576	0.03974	0.14443	0.20981	0.01382	0.00787	0.00246	0.00602	0.01150	0.00666	0.00899

[dist]
# distance from previous block
# <min> <max>
17	30

[block]
# block no. 2 follows, 26 sequences, length 70
# corresponding to MSA columns:
# 156-209,211-226
name=unknown_C
#
# <colnr> <probs for GDERKNQSTAVLIFYWHMCP>
#	G	D	E	R	K	N	Q	S	T	A	V	L	I	F	Y	W	H	M	C	P
0	0.01844	0.07230	0.01820	0.04554	0.01950	0.03967	0.03146	0.06479	0.07156	0.11079	0.04847	0.14265	0.04841	0.01144	0.00746	0.00217	0.00660	0.03306	0.00614	0.20134
1	0.01954	0.01302	0.01537	0.07206	0.01966	0.04439	0.01090	0.08531	0.08839	0.17212	0.02943	0.27394	0.02804	0.01402	0.00815	0.00251	0.00643	0.01214	0.00700	0.07758
2	0.02109	0.04948	0.08805	0.01417	0.01952	0.08502	0.01232	0.09108	0.05046	0.15763	0.04036	0.09119	0.04764	0.04145	0.00862	0.00235	0.00745	0.00832	0.00614	0.15765
3	0.10846	0.01817	0.01954	0.03693	0.02182	0.08562	0.05486	0.17935	0.12790	0.09016	0.02057	0.02127	0.03569	0.00927	0.00793	0.03176	0.00784	0.00681	0.00612	0.10993
4	0.22688	0.01640	0.03671	0.07065	0.02083	0.04275	0.01176	0.14845	0.09375	0.08849	0.01829	0.02113	0.01422	0.05778	0.03878	0.00304	0.00786	0.00648	0.03056	0.04519
5	0.14427	0.04353	0.02370	0.07208	0.06804	0.04244	0.13404	0.04400	0.01692	0.11731	0.01777	0.07946	0.01499	0.00928	0.00895	0.00241	0.07730	0.00778	0.00508	0.07065
6	0.01939	0.12379	0.04893	0.01314	0.01905	0.01606	0.01133	0.16906	0.02053	0.05963	0.02089	0.05771	0.05886	0.02879	0.00747	0.00195	0.00677	0.00699	0.00551	0.30416
7	0.01815	0.01776	0.04312	0.24437	0.05186	0.07623	0.04379	0.09772	0.13485	0.02536	0.01837	0.05142	0.01498	0.01131	0.03889	0.00289	0.05714	0.00759	0.00493	0.03927
8	0.01643	0.01265	0.01516	0.01369	0.01613	0.03958	0.01071	0.02160	0.11492	0.09348	0.04877	0.13943	0.06807	0.01952	0.10545	0.00392	0.14897	0.01027	0.04130	0.05996
9	0.01549	0.06241	0.02382	0.21358	0.07737	0.01765	0.08234	0.02025	0.05984	0.02116	0.06631	0.02512	0.01780	0.07383	0.04261	0.00342	0.15622	0.00786	0.00424	0.00868
10	0.00922	0.00668	0.00872	0.01034	0.01094	0.00618	0.00694	0.01059	0.01473	0.01945	0.04447	0.67865	0.09828	0.02342	0.00963	0.00304	0.00436	0.02114	0.00704	0.00618
11	0.02007	0.01593	0.01697	0.01470	0.01916	0.01775	0.01159	0.15176	0.43921	0.06185	0.03454	0.03221	0.10816	0.01121	0.00785	0.00251	0.00617	0.00919	0.00768	0.01147
12	0.01485	0.01424	0.02473	0.62599	0.09361	0.01708	0.06293	0.01996	0.01549	0.02006	0.01366	0.02014	0.01033	0.00745	0.00767	0.00251	0.01021	0.00689	0.00343	0.00878
13	0.01779	0.02012	0.04284	0.03089	0.03788	0.01954	0.60129	0.02376	0.01734	0.02376	0.01486	0.02012	0.01137	0.00701	0.01037	0.00263	0.07585	0.00874	0.00379	0.01006
14	0.01060	0.00779	0.00995	0.00953	0.01141	0.00714	0.00723	0.01398	0.02079	0.02889	0.58069	0.05994	0.14215	0.01620	0.00902	0.00246	0.00377	0.04327	0.00813	0.00706
15	0.02110	0.01728	0.01828	0.01570	0.02039	0.01965	0.01242	0.19853	0.48773	0.03549	0.02912	0.02717	0.04201	0.01028	0.00773	0.00250	0.00653	0.00837	0.00766	0.01205
16	0.00924	0.00660	0.00880	0.01056	0.01100	0.00616	0.00704	0.01056	0.01452	0.01936	0.04181	0.72848	0.05017	0.02376	0.00968	0.00308	0.00440	0.02156	0.00704	0.00616
17	0.01887	0.01629	0.01715	0.01544	0.01972	0.01887	0.01201	0.04031	0.67241	0.03173	0.03087	0.02830	0.02315	0.01029	0.00772	0.00257	0.00600	0.00858	0.00772	0.01201
18	0.02028	0.73799	0.03975	0.01298	0.01947	0.03001	0.01298	0.02271	0.01541	0.01785	0.01055	0.01217	0.00973	0.00649	0.00487	0.00162	0.00811	0.00406	0.00324	0.00973
19	0.01148	0.00741	0.00900	0.00946	0.00992	0.00720	0.00598	0.01217	0.01285	0.04444	0.03047	0.26183	0.03499	0.44971	0.02702	0.00564	0.00638	0.04283	0.00567	0.00554
20	0.01312	0.00713	0.00757	0.00772	0.00927	0.00709	0.00562	0.01612	0.01536	0.02576	0.02834	0.09223	0.05308	0.06028	0.04093	0.00277	0.00466	0.00904	0.58711	0.00678
21	0.01657	0.14014	0.02988	0.22310	0.03349	0.04826	0.20354	0.02064	0.01593	0.02042	0.04350	0.02342	0.01510	0.09072	0.01183	0.00294	0.04034	0.00764	0.00386	0.00870
22	0.01573	0.01348	0.01573	0.01123	0.01798	0.01011	0.00899	0.01910	0.01573	0.02472	0.01348	0.01573	0.01123	0.00562	0.00562	0.00112	0.00562	0.00449	0.00449	0.77980
23	0.05519	0.34972	0.10976	0.01775	0.02437	0.11180	0.10665	0.05252	0.06509	0.02258	0.01354	0.01542	0.01102	0.00714	0.00629	0.00202	0.00960	0.00549	0.00398	0.01009
24	0.02796	0.01194	0.01577	0.01266	0.01751	0.01060	0.01023	0.05808	0.02152	0.50230	0.10456	0.07902	0.06986	0.01165	0.00800	0.00241	0.00591	0.00974	0.00889	0.01140
25	0.01703	0.28914	0.46010	0.01853	0.02805	0.02205	0.02264	0.02355	0.01580	0.02181	0.01252	0.01464	0.00965	0.00695	0.00637	0.00212	0.01010	0.00505	0.00322	0.01068
26	0.05000	0.01449	0.05050	0.39879	0.09161	0.01588	0.04270	0.01900	0.01489	0.02058	0.01639	0.02740	0.01459	0.08476	0.01208	0.00312	0.05587	0.05510	0.00387	0.00838
27	0.02099	0.01268	0.01563	0.01208	0.01774	0.01042	0.00960	0.02485	0.04845	0.23650	0.02263	0.09742	0.01845	0.00902	0.00680	0.00179	0.00577	0.00755	0.00648	0.41514
28	0.78701	0.01467	0.01115	0.00997	0.01467	0.01702	0.00821	0.02230	0.01291	0.03403	0.01056	0.01232	0.00821	0.00704	0.00469	0.00235	0.00587	0.00411	0.00469	0.00821
29	0.02262	0.01370	0.01615	0.01383	0.01785	0.01409	0.01094	0.21814	0.08797	0.19537	0.05045	0.19252	0.02760	0.01344	0.00818	0.00255	0.00631	0.03814	0.03960	0.01055
30	0.01155	0.00939	0.01101	0.00994	0.01328	0.00773	0.00750	0.01403	0.01654	0.02266	0.10479	0.20545	0.23114	0.01550	0.00808	0.00223	0.00465	0.03671	0.00633	0.26149
31	0.01083	0.00773	0.00929	0.00923	0.01122	0.00686	0.00679	0.01330	0.01853	0.05428	0.29890	0.19582	0.29290	0.01826	0.00904	0.00259	0.00397	0.01587	0.00765	0.00694
32	0.00934	0.00673	0.00868	0.01020	0.01077	0.00626	0.00679	0.01062	0.01449	0.01913	0.04316	0.63569	0.09463	0.07067	0.01155	0.00333	0.00456	0.02046	0.00688	0.00607
33	0.02039	0.01416	0.01637	0.06449	0.02021	0.01516	0.01144	0.17333	0.19733	0.12246	0.07892	0.07856	0.09617	0.01187	0.00791	0.00245	0.00628	0.00989	0.04211	0.01051
34	0.00963	0.00707	0.00911	0.01051	0.01148	0.00655	0.00749	0.01139	0.01558	0.02039	0.07318	0.52554	0.14344	0.02241	0.00964	0.00303	0.00460	0.09552	0.00709	0.00634
35	0.01463	0.01373	0.02282	0.66933	0.07166	0.01696	0.02082	0.02023	0.03796	0.01998	0.01411	0.02045	0.01062	0.00765	0.00759	0.00252	0.00993	0.00680	0.00353	0.00867
36	0.01838	0.01957	0.02297	0.01986	0.02045	0.12649	0.01630	0.02008	0.01312	0.01830	0.01023	0.01615	0.00993	0.01245	0.02215	0.00311	0.61232	0.00637	0.00341	0.00837
37	0.01547	0.01300	0.01535	0.01145	0.01706	0.01074	0.00909	0.01857	0.01523	0.02402	0.01445	0.01818	0.01244	0.03982	0.00851	0.00161	0.05741	0.00512	0.05573	0.63673
38	0.11067	0.01132	0.01352	0.03901	0.01671	0.01139	0.00964	0.08105	0.05112	0.19504	0.03276	0.30815	0.05824	0.01527	0.00816	0.00266	0.00574	0.01312	0.00730	0.00914
39	0.02028	0.73799	0.03975	0.01298	0.01947	0.03001	0.01298	0.02271	0.01541	0.01785	0.01055	0.01217	0.00973	0.00649	0.00487	0.00162	0.00811	0.00406	0.00324	0.00973
40	0.01411	0.00933	0.01111	0.01051	0.01291	0.00894	0.00793	0.07049	0.01810	0.09294	0.09540	0.13875	0.24816	0.11108	0.07115	0.00404	0.00659	0.05408	0.00687	0.00751
41	0.01763	0.01537	0.01479	0.01259	0.01665	0.11940	0.00979	0.02231	0.08771	0.08565	0.12999	0.03561	0.15974	0.01141	0.00824	0.00210	0.03730	0.00912	0.00625	0.19836
42	0.23732	0.01834	0.06303	0.04406	0.02111	0.03947	0.01346	0.17896	0.01983	0.11518	0.01564	0.01825	0.01195	0.03682	0.01093	0.00269	0.13117	0.00615	0.00557	0.01005
43	0.01510	0.06385	0.13679	0.01400	0.01813	0.01288	0.01293	0.09216	0.04625	0.05302	0.03341	0.29019	0.08041	0.01609	0.00854	0.00272	0.00673	0.08180	0.00628	0.00873
44	0.03276	0.01402	0.01842	0.01420	0.01987	0.01305	0.01174	0.10862	0.02294	0.59084	0.02780	0.02458	0.01776	0.00950	0.00829	0.00238	0.03407	0.00750	0.00895	0.01273
45	0.01708	0.01352	0.01611	0.16869	0.02408	0.05773	0.01223	0.06333	0.06882	0.09591	0.05970	0.13864	0.12852	0.01281	0.00857	0.00246	0.03014	0.01074	0.00611	0.06481
46	0.01957	0.01460	0.02108	0.01728	0.02129	0.01562	0.11365	0.11779	0.11986	0.12106	0.06719	0.05940	0.02274	0.01840	0.11903	0.00413	0.07253	0.03844	0.00634	0.01002
47	0.02318	0.08003	0.02144	0.10541	0.02419	0.07754	0.01381	0.24416	0.04597	0.10280	0.01942	0.06576	0.01563	0.00992	0.00865	0.00234	0.06444	0.00752	0.05730	0.01048
48	0.02501	0.01492	0.01733	0.01465	0.01958	0.01574	0.01166	0.03895	0.40883	0.29893	0.03049	0.02729	0.02138	0.00993	0.00768	0.00248	0.00619	0.00819	0.00839	0.01237
49	0.01637	0.01424	0.01790	0.01283	0.01961	0.01122	0.05170	0.04404	0.01663	0.02557	0.01378	0.01613	0.01132	0.00580	0.00591	0.00126	0.00619	0.00488	0.00457	0.70004
50	0.04968	0.01338	0.01602	0.01175	0.01820	0.01063	0.00950	0.02371	0.01712	0.19248	0.01750	0.01813	0.01301	0.00662	0.00609	0.00148	0.00584	0.00527	0.00573	0.55786
51	0.78701	0.01467	0.01115	0.00997	0.01467	0.01702	0.00821	0.02230	0.01291	0.03403	0.01056	0.01232	0.00821	0.00704	0.00469	0.00235	0.00587	0.00411	0.00469	0.00821
52	0.01432	0.01348	0.02275	0.71520	0.05224	0.01685	0.02107	0.01938	0.01517	0.01938	0.01348	0.02022	0.01011	0.00758	0.00758	0.00253	0.01011	0.00674	0.00337	0.00843
53	0.02083	0.21383	0.03043	0.14976	0.03027	0.23643	0.13601	0.02439	0.01802	0.02014	0.04262	0.01771	0.01293	0.00750	0.00695	0.00211	0.01091	0.00617	0.00382	0.00917
54	0.01445	0.01200	0.01434	0.01144	0.01596	0.01056	0.00890	0.01902	0.07047	0.02524	0.15654	0.02830	0.02630	0.05939	0.03973	0.00250	0.03647	0.00746	0.00551	0.43542
55	0.08431	0.07046	0.23541	0.19751	0.03459	0.01876	0.11498	0.02384	0.07362	0.02380	0.01474	0.01828	0.01112	0.00765	0.00798	0.00246	0.04022	0.00646	0.00388	0.00994
56	0.01838	0.20198	0.10214	0.13073	0.02441	0.06257	0.01436	0.02169	0.01701	0.10071	0.11405	0.05684	0.02212	0.01090	0.00884	0.06372	0.00802	0.00761	0.00497	0.00895
57	0.00974	0.00703	0.00924	0.01030	0.01124	0.00653	0.00721	0.01176	0.01659	0.02246	0.21229	0.49876	0.08254	0.02128	0.00949	0.00289	0.00426	0.04255	0.00738	0.00647
58	0.20134	0.07656	0.29828	0.01572	0.02296	0.01657	0.01722	0.05191	0.01693	0.09113	0.06077	0.06522	0.01709	0.00905	0.00677	0.00236	0.00817	0.00697	0.00495	0.01003
59	0.01703	0.06450	0.56097	0.02029	0.03035	0.01817	0.02494	0.05023	0.06689	0.05378	0.01567	0.01729	0.01116	0.00758	0.00718	0.00238	0.01037	0.00590	0.00398	0.01135
60	0.08143	0.01261	0.01658	0.01295	0.01841	0.01121	0.01063	0.03418	0.02111	0.59502	0.08128	0.02742	0.02234	0.00973	0.00754	0.00235	0.00618	0.00789	0.00900	0.01214
61	0.01248	0.00659	0.00969	0.01000	0.01008	0.00651	0.00667	0.01000	0.01071	0.01428	0.01827	0.14857	0.01976	0.02589	0.02609	0.64120	0.00620	0.00925	0.00396	0.00380
62	0.18907	0.01276	0.01576	0.15221	0.02345	0.01404	0.01217	0.06595	0.04659	0.15480	0.02250	0.05645	0.03720	0.01742	0.11658	0.00402	0.00919	0.03476	0.00584	0.00923
63	0.02232	0.07063	0.10427	0.24374	0.03387	0.08548	0.07040	0.05403	0.01874	0.19683	0.01777	0.01989	0.01249	0.00792	0.00740	0.00234	0.00965	0.00665	0.00519	0.01040
64	0.00944	0.00673	0.00888	0.01038	0.01090	0.00629	0.00694	0.01088	0.01491	0.02003	0.09169	0.64472	0.05084	0.05508	0.01093	0.00322	0.00447	0.02047	0.00703	0.00617
65	0.07050	0.01314	0.01476	0.01315	0.01632	0.01393	0.01011	0.23104	0.04968	0.07691	0.02773	0.21197	0.02768	0.12366	0.01288	0.00337	0.00667	0.06052	0.00688	0.00909
66	0.06868	0.12716	0.49126	0.01941	0.02888	0.06428	0.02330	0.05129	0.01693	0.02454	0.01308	0.01521	0.00968	0.00722	0.00673	0.00226	0.01049	0.00531	0.00354	0.01073
67	0.02079	0.01152	0.01384	0.01246	0.01576	0.04227	0.00961	0.02498	0.07555	0.27816	0.15204	0.21971	0.03767	0.01477	0.00849	0.00259	0.00571	0.03644	0.00808	0.00957
68	0.02627	0.01603	0.01804	0.01439	0.01948	0.01683	0.01171	0.31320	0.10087	0.21156	0.02613	0.02506	0.04549	0.00972	0.00737	0.00227	0.00675	0.00767	0.10942	0.01175
69	0.05908	0.01610	0.01833	0.01480	0.02000	0.01694	0.01199	0.23506	0.18410	0.24900	0.07295	0.02565	0.02135	0.00986	0.00761	0.00238	0.00672	0.00790	0.00813	0.01207

[dist]
# distance from previous block
# <min> <max>
0	4

[block]
# block no. 3 follows, 26 sequences, length 129
# corresponding to MSA columns:
# 231,232,234-337,339-342,351-369
name=unknown_D
#
# <colnr> <probs for GDERKNQSTAVLIFYWHMCP>
#	G	D	E	R	K	N	Q	S	T	A	V	L	I	F	Y	W	H	M	C	P
0	0.06787	0.01280	0.02014	0.55089	0.04321	0.01541	0.01803	0.01954	0.01605	0.04511	0.10038	0.02459	0.01823	0.00863	0.00756	0.00249	0.00885	0.00749	0.00431	0.00840
1	0.16231	0.04600	0.01692	0.06453	0.01992	0.01443	0.01111	0.12253	0.02055	0.25973	0.07222	0.11339	0.02284	0.01095	0.00732	0.00241	0.00651	0.00888	0.00717	0.01030
2	0.05381	0.23523	0.34756	0.01720	0.02558	0.04741	0.01964	0.05257	0.01699	0.04807	0.01368	0.01549	0.01045	0.00718	0.00632	0.00209	0.00942	0.00520	0.02890	0.03720
3	0.28471	0.01862	0.06896	0.01394	0.01906	0.05117	0.01208	0.16781	0.08442	0.03364	0.04903	0.01889	0.01486	0.00853	0.00708	0.00227	0.03623	0.00605	0.03795	0.06470
4	0.56945	0.01771	0.04426	0.01226	0.01736	0.04941	0.01045	0.10595	0.05988	0.03449	0.01307	0.01436	0.00994	0.00756	0.00548	0.00234	0.00679	0.00485	0.00516	0.00923
5	0.54982	0.01283	0.01055	0.00957	0.01349	0.01456	0.00774	0.04171	0.01437	0.03259	0.01458	0.01694	0.01144	0.00899	0.02517	0.00249	0.00579	0.00504	0.19428	0.00804
6	0.01321	0.00963	0.01158	0.01153	0.01361	0.00979	0.00844	0.02014	0.17834	0.05900	0.19834	0.32558	0.07573	0.01748	0.00888	0.00272	0.00467	0.01548	0.00765	0.00819
7	0.01432	0.01348	0.02275	0.71520	0.05224	0.01685	0.02107	0.01938	0.01517	0.01938	0.01348	0.02022	0.01011	0.00758	0.00758	0.00253	0.01011	0.00674	0.00337	0.00843
8	0.02880	0.01334	0.01725	0.01300	0.01911	0.01126	0.01066	0.05235	0.02051	0.48600	0.02499	0.02278	0.01650	0.00834	0.00707	0.00201	0.00628	0.00673	0.00798	0.22503
9	0.20500	0.01793	0.01833	0.01467	0.01984	0.02002	0.01204	0.42719	0.02752	0.04136	0.01698	0.01823	0.01261	0.01163	0.05083	0.00289	0.00820	0.00629	0.05743	0.01102
10	0.00940	0.00672	0.00894	0.01046	0.01104	0.00626	0.00705	0.01095	0.01525	0.02051	0.10850	0.65850	0.05240	0.02290	0.00960	0.00301	0.00431	0.02075	0.00718	0.00626
11	0.01057	0.00807	0.00977	0.00967	0.01155	0.00754	0.00712	0.01448	0.06046	0.02617	0.38283	0.18242	0.20605	0.01755	0.00901	0.00257	0.00394	0.01537	0.00777	0.00711
12	0.02882	0.02039	0.02213	0.01706	0.02304	0.02237	0.01406	0.58648	0.06131	0.09695	0.01965	0.01922	0.01378	0.00918	0.00760	0.00229	0.00810	0.00696	0.00773	0.01286
13	0.00967	0.00692	0.00853	0.00964	0.01021	0.00650	0.00626	0.01072	0.01395	0.01830	0.04133	0.47753	0.11863	0.20518	0.01701	0.00412	0.00509	0.01821	0.00641	0.00579
14	0.02678	0.02723	0.02096	0.01774	0.02243	0.34760	0.01379	0.27016	0.06923	0.03062	0.01602	0.01792	0.01263	0.03831	0.00845	0.00231	0.01062	0.00611	0.00561	0.03548
15	0.01103	0.00735	0.00827	0.00827	0.00827	0.00735	0.00460	0.01103	0.01103	0.01471	0.02390	0.04964	0.02758	0.73343	0.03861	0.00735	0.00735	0.01103	0.00460	0.00460
16	0.00922	0.00667	0.00873	0.01038	0.01095	0.00618	0.00696	0.01058	0.01470	0.01943	0.04403	0.68696	0.09025	0.02347	0.00964	0.00305	0.00437	0.02121	0.00704	0.00618
17	0.01501	0.00921	0.01141	0.01024	0.01308	0.00848	0.00789	0.01931	0.06365	0.14505	0.39750	0.05276	0.18685	0.01486	0.00864	0.00243	0.00430	0.01278	0.00822	0.00833
18	0.06123	0.01340	0.01763	0.01357	0.01940	0.01200	0.01121	0.06840	0.02210	0.63441	0.02862	0.02493	0.01809	0.00929	0.00752	0.00234	0.00653	0.00746	0.00912	0.01274
19	0.03020	0.01417	0.01749	0.01362	0.01901	0.01362	0.01118	0.18563	0.02434	0.44961	0.02642	0.02429	0.01744	0.00925	0.00732	0.00225	0.00653	0.00736	0.10811	0.01215
20	0.01376	0.01015	0.01467	0.34582	0.02975	0.01167	0.01294	0.01784	0.01557	0.02325	0.02274	0.05610	0.05028	0.00940	0.00676	0.00223	0.00673	0.00798	0.33471	0.00765
21	0.02998	0.01414	0.01797	0.01404	0.01935	0.01358	0.01154	0.15213	0.02369	0.47694	0.05863	0.02779	0.05371	0.01028	0.00847	0.00239	0.03648	0.00814	0.00863	0.01212
22	0.13328	0.22980	0.17531	0.01462	0.02167	0.01969	0.01497	0.07553	0.01783	0.12501	0.01706	0.01777	0.03245	0.00771	0.00619	0.00205	0.00792	0.00558	0.00493	0.07063
23	0.02143	0.20989	0.30358	0.01659	0.02455	0.01883	0.01839	0.04388	0.01759	0.19081	0.01757	0.01920	0.01292	0.04320	0.00826	0.00243	0.00895	0.00602	0.00496	0.01098
24	0.01084	0.00813	0.01219	0.01219	0.01354	0.00948	0.00948	0.01354	0.01219	0.01761	0.02032	0.02980	0.01896	0.05689	0.70337	0.01219	0.02032	0.00813	0.00406	0.00677
25	0.07776	0.27354	0.02527	0.01322	0.01931	0.02002	0.01162	0.09870	0.06054	0.16615	0.01732	0.01741	0.01301	0.00752	0.00606	0.00187	0.00704	0.00549	0.00565	0.15251
26	0.02480	0.42923	0.03132	0.01550	0.05254	0.10049	0.01318	0.02741	0.01788	0.19858	0.01605	0.01632	0.01227	0.00743	0.00596	0.00188	0.00834	0.00524	0.00499	0.01059
27	0.01594	0.01513	0.02567	0.47261	0.28222	0.01728	0.02187	0.02079	0.01593	0.02134	0.01377	0.01970	0.01080	0.00728	0.00756	0.00243	0.00971	0.00675	0.00351	0.00973
28	0.02402	0.23185	0.08043	0.01664	0.02291	0.06570	0.09688	0.08482	0.01972	0.19909	0.01835	0.01901	0.01336	0.00780	0.00671	0.00209	0.00857	0.00629	0.06499	0.01076
29	0.18791	0.01425	0.01688	0.01324	0.01889	0.01380	0.01093	0.10715	0.02154	0.48100	0.02458	0.02216	0.01592	0.00887	0.00702	0.00234	0.00656	0.00681	0.00821	0.01194
30	0.03403	0.01291	0.01760	0.01350	0.01936	0.01115	0.01115	0.03697	0.02171	0.69137	0.02992	0.02582	0.01878	0.00939	0.00763	0.00235	0.00645	0.00763	0.00939	0.01291
31	0.01761	0.23889	0.47200	0.01873	0.02831	0.02086	0.02285	0.02429	0.01613	0.05570	0.01355	0.01540	0.01010	0.00711	0.00655	0.00218	0.01008	0.00526	0.00352	0.01087
32	0.03325	0.01308	0.01758	0.01359	0.01938	0.01154	0.01119	0.03714	0.05506	0.65756	0.02997	0.02594	0.01900	0.00943	0.00763	0.00236	0.00643	0.00768	0.00930	0.01286
33	0.01235	0.00943	0.01054	0.01050	0.01228	0.05103	0.00765	0.01489	0.01881	0.05820	0.33699	0.26942	0.12359	0.01775	0.00898	0.00260	0.00465	0.01561	0.00756	0.00715
34	0.01451	0.01367	0.02308	0.68790	0.07812	0.01690	0.02116	0.01954	0.01525	0.01960	0.01351	0.02016	0.01019	0.00755	0.00758	0.00252	0.01007	0.00674	0.00339	0.00857
35	0.02837	0.01408	0.01732	0.01401	0.01930	0.01379	0.01134	0.06742	0.21026	0.44183	0.03154	0.02809	0.04687	0.01004	0.00771	0.00242	0.00631	0.00820	0.00872	0.01238
36	0.01885	0.01612	0.02250	0.01908	0.01984	0.02167	0.01589	0.02068	0.01292	0.10537	0.01254	0.01779	0.01110	0.01277	0.02266	0.00319	0.62726	0.00677	0.00410	0.00889
37	0.01011	0.00765	0.00932	0.00907	0.01099	0.00686	0.00674	0.01304	0.01975	0.02671	0.45837	0.10926	0.25006	0.01718	0.00900	0.00249	0.00371	0.01495	0.00787	0.00686
38	0.01174	0.00981	0.01050	0.01016	0.01288	0.00968	0.00765	0.01881	0.18675	0.02432	0.12463	0.12432	0.38640	0.01697	0.00871	0.00260	0.00443	0.01440	0.00735	0.00791
39	0.02976	0.01789	0.01984	0.01565	0.02130	0.05257	0.01276	0.28967	0.10786	0.31466	0.02437	0.02242	0.01648	0.00930	0.00758	0.00233	0.00753	0.00728	0.00817	0.01258
40	0.02864	0.03223	0.02079	0.01857	0.02275	0.58211	0.01408	0.03161	0.05133	0.10624	0.01496	0.01592	0.01155	0.00813	0.00698	0.00203	0.01239	0.00541	0.00479	0.00947
41	0.01212	0.00906	0.01294	0.01256	0.01425	0.01048	0.00983	0.05959	0.01386	0.01976	0.02017	0.02897	0.01853	0.05349	0.65388	0.01148	0.01947	0.00803	0.00431	0.00721
42	0.47439	0.01505	0.01649	0.19854	0.07719	0.01748	0.01317	0.06380	0.01534	0.03038	0.01212	0.01529	0.00932	0.00730	0.00586	0.00238	0.00739	0.00518	0.00446	0.00887
43	0.29405	0.28511	0.02397	0.09509	0.02131	0.02179	0.01187	0.07720	0.01628	0.02707	0.01246	0.01472	0.01012	0.00719	0.00539	0.00205	0.00728	0.00482	0.05307	0.00914
44	0.01819	0.01447	0.02243	0.46426	0.04164	0.01653	0.04938	0.06396	0.06861	0.10259	0.01718	0.02118	0.01246	0.00795	0.00757	0.00242	0.00915	0.00699	0.00477	0.04828
45	0.01465	0.01412	0.02478	0.65221	0.05108	0.01707	0.07984	0.01983	0.01542	0.01983	0.01365	0.02024	0.01024	0.00747	0.00771	0.00253	0.01036	0.00694	0.00341	0.00859
46	0.01527	0.01001	0.01244	0.01205	0.01481	0.00984	0.00969	0.02123	0.12237	0.11569	0.19823	0.09124	0.13004	0.01629	0.00904	0.00278	0.00538	0.18733	0.00777	0.00850
47	0.32817	0.02430	0.28004	0.01545	0.02294	0.01660	0.01673	0.05459	0.01659	0.13729	0.01524	0.01622	0.01069	0.00758	0.00629	0.00237	0.00817	0.00539	0.00500	0.01036
48	0.02272	0.04409	0.10287	0.01678	0.02243	0.01382	0.10605	0.05344	0.06078	0.28376	0.04798	0.14460	0.02341	0.01129	0.00806	0.00249	0.00761	0.01005	0.00699	0.01079
49	0.01450	0.01366	0.02306	0.68902	0.07706	0.01690	0.02115	0.01953	0.01525	0.01959	0.01351	0.02017	0.01019	0.00755	0.00758	0.00252	0.01007	0.00674	0.00339	0.00857
50	0.00924	0.00660	0.00880	0.01056	0.01100	0.00616	0.00704	0.01056	0.01452	0.01936	0.04181	0.72848	0.05017	0.02376	0.00968	0.00308	0.00440	0.02156	0.00704	0.00616
51	0.01879	0.54978	0.12450	0.01397	0.02070	0.02611	0.01449	0.02330	0.05902	0.01976	0.01650	0.01761	0.05325	0.00764	0.00563	0.00185	0.00812	0.00532	0.00378	0.00987
52	0.04891	0.01442	0.02439	0.52445	0.08883	0.01670	0.07788	0.02158	0.01597	0.07330	0.01487	0.02025	0.01096	0.00754	0.00759	0.00249	0.00982	0.00690	0.00396	0.00917
53	0.01068	0.00721	0.00838	0.00872	0.00880	0.00712	0.00507	0.01094	0.01171	0.01561	0.02737	0.18139	0.03196	0.59570	0.03299	0.00652	0.00678	0.01307	0.00507	0.00490
54	0.32754	0.01503	0.01604	0.07871	0.02081	0.01654	0.01135	0.16570	0.01974	0.15881	0.01725	0.01915	0.01271	0.03055	0.05675	0.00318	0.00800	0.00609	0.00606	0.00997
55	0.01878	0.10489	0.39952	0.05365	0.02805	0.01717	0.02102	0.04892	0.01768	0.13200	0.02118	0.02207	0.06539	0.00854	0.00720	0.00232	0.00935	0.00671	0.00469	0.01086
56	0.01461	0.00748	0.00823	0.00804	0.00994	0.00757	0.00612	0.01801	0.01568	0.05724	0.02440	0.02837	0.01935	0.01521	0.09759	0.00317	0.00588	0.00723	0.63857	0.00730
57	0.00993	0.00770	0.01165	0.01226	0.01327	0.00719	0.05869	0.01165	0.01479	0.01975	0.03971	0.67235	0.04710	0.02239	0.00962	0.00304	0.00507	0.02056	0.00679	0.00648
58	0.05081	0.01516	0.02686	0.31046	0.07187	0.01628	0.19977	0.02189	0.04645	0.04803	0.02008	0.05420	0.04082	0.00904	0.00811	0.00257	0.00969	0.03424	0.00445	0.00922
59	0.02886	0.01312	0.01665	0.01337	0.01864	0.01226	0.01085	0.03536	0.14979	0.50279	0.03419	0.03041	0.07742	0.01042	0.00776	0.00241	0.00614	0.00854	0.00885	0.01216
60	0.01207	0.00862	0.01205	0.01380	0.01548	0.00860	0.01196	0.01546	0.01731	0.02253	0.04024	0.11779	0.04398	0.02109	0.01044	0.00347	0.00685	0.60431	0.00699	0.00694
61	0.01022	0.00750	0.00958	0.00955	0.01114	0.00686	0.00698	0.01312	0.01951	0.02693	0.47680	0.20273	0.13551	0.01769	0.00911	0.00255	0.00378	0.01566	0.00792	0.00686
62	0.01546	0.01531	0.02574	0.42099	0.04104	0.01904	0.10225	0.01968	0.01447	0.01968	0.01268	0.01918	0.01025	0.00911	0.01288	0.00277	0.22043	0.00700	0.00342	0.00862
63	0.01813	0.01324	0.01313	0.01181	0.01508	0.04174	0.00917	0.10081	0.25605	0.03139	0.02567	0.02652	0.01963	0.00935	0.00650	0.00213	0.00540	0.00750	0.37716	0.00960
64	0.01622	0.01616	0.02402	0.15163	0.02682	0.02186	0.04365	0.01871	0.01254	0.01871	0.01084	0.01744	0.01005	0.01192	0.02097	0.00314	0.55680	0.00675	0.00335	0.00840
65	0.01227	0.00808	0.01054	0.00998	0.01201	0.00740	0.00757	0.01556	0.02065	0.07587	0.53545	0.10091	0.09656	0.01604	0.00897	0.00248	0.00399	0.04000	0.00821	0.00745
66	0.01129	0.00778	0.00896	0.00881	0.00881	0.00808	0.00515	0.01136	0.01106	0.01487	0.02326	0.04812	0.02677	0.70045	0.03798	0.00717	0.03997	0.01083	0.00454	0.00477
67	0.01573	0.01348	0.01573	0.01123	0.01798	0.01011	0.00899	0.01910	0.01573	0.02472	0.01348	0.01573	0.01123	0.00562	0.00562	0.00112	0.00562	0.00449	0.00449	0.77980
68	0.01659	0.01659	0.02323	0.01991	0.01991	0.02323	0.01659	0.01825	0.01162	0.01825	0.00996	0.01659	0.00996	0.01328	0.02489	0.00332	0.71955	0.00664	0.00332	0.00830
69	0.01559	0.02276	0.22646	0.27995	0.08381	0.01731	0.16631	0.02195	0.01628	0.02237	0.01521	0.02193	0.01194	0.00776	0.00791	0.00252	0.01082	0.03568	0.00362	0.00983
70	0.01608	0.01048	0.01377	0.01267	0.01449	0.01138	0.00970	0.01917	0.05225	0.13768	0.11961	0.15737	0.04998	0.12563	0.06196	0.00411	0.13198	0.03721	0.00645	0.00802
71	0.01023	0.00749	0.00898	0.00976	0.01087	0.00704	0.00694	0.01172	0.01477	0.01891	0.04553	0.24164	0.20907	0.22827	0.01804	0.00426	0.00558	0.12866	0.00632	0.00592
72	0.20456	0.01924	0.02223	0.19803	0.03041	0.11400	0.09099	0.12610	0.04158	0.02831	0.01395	0.01722	0.01066	0.00796	0.00780	0.00241	0.04423	0.00619	0.00464	0.00948
73	0.01184	0.00761	0.00914	0.00907	0.01021	0.00720	0.00609	0.01350	0.01557	0.05393	0.19386	0.15845	0.09801	0.29480	0.02024	0.00439	0.00533	0.01335	0.06120	0.00622
74	0.01028	0.00703	0.00881	0.00959	0.00991	0.00686	0.00608	0.01099	0.01298	0.01743	0.05413	0.35726	0.03843	0.32811	0.05194	0.03695	0.00639	0.01562	0.00576	0.00544
75	0.78701	0.01467	0.01115	0.00997	0.01467	0.01702	0.00821	0.02230	0.01291	0.03403	0.01056	0.01232	0.00821	0.00704	0.00469	0.00235	0.00587	0.00411	0.00469	0.00821
76	0.62965	0.01603	0.01356	0.01153	0.01651	0.01837	0.00950	0.15483	0.01763	0.03689	0.01215	0.01354	0.00919	0.00747	0.00529	0.00233	0.00638	0.00467	0.00529	0.00919
77	0.00995	0.00724	0.00948	0.01107	0.01180	0.00699	0.00770	0.01243	0.04698	0.02023	0.04114	0.64321	0.04833	0.02288	0.00965	0.00309	0.00468	0.06957	0.00707	0.00651
78	0.01426	0.00854	0.01085	0.01075	0.01285	0.00788	0.00786	0.01738	0.05042	0.13860	0.16499	0.35968	0.12930	0.01845	0.00900	0.00273	0.00461	0.01629	0.00773	0.00784
79	0.02721	0.02301	0.06479	0.01771	0.02383	0.06770	0.01512	0.53331	0.08019	0.04319	0.01842	0.01851	0.01324	0.00899	0.00752	0.00228	0.00871	0.00675	0.00708	0.01246
80	0.01399	0.03097	0.01244	0.01121	0.01203	0.00930	0.00825	0.01310	0.01142	0.04297	0.01565	0.02413	0.01465	0.03035	0.17922	0.46554	0.05735	0.00692	0.03533	0.00517
81	0.01190	0.00945	0.01090	0.01024	0.01273	0.00931	0.00777	0.01863	0.15093	0.02809	0.39338	0.05524	0.22160	0.01543	0.00870	0.00247	0.00413	0.01328	0.00788	0.00793
82	0.02099	0.01562	0.01687	0.01421	0.01876	0.01690	0.01132	0.22791	0.27227	0.08664	0.05700	0.03460	0.15011	0.01176	0.00795	0.00245	0.00627	0.00957	0.00770	0.01110
83	0.01790	0.02046	0.04476	0.03197	0.03964	0.01918	0.65857	0.02430	0.01790	0.02430	0.01535	0.02046	0.01151	0.00639	0.00895	0.00256	0.01279	0.00895	0.00384	0.01023
84	0.01906	0.58935	0.03626	0.15705	0.02619	0.02731	0.01464	0.02203	0.01536	0.01816	0.01115	0.01382	0.00981	0.00671	0.00542	0.00181	0.00852	0.00461	0.00327	0.00947
85	0.01727	0.09960	0.41258	0.05740	0.17615	0.06226	0.02439	0.02392	0.01654	0.02305	0.01334	0.01630	0.01018	0.00709	0.00704	0.00227	0.01054	0.00572	0.00338	0.01097
86	0.00918	0.00682	0.00857	0.00997	0.01085	0.00621	0.00678	0.01063	0.01509	0.01959	0.04899	0.59399	0.18001	0.02283	0.00953	0.00297	0.00429	0.02042	0.00704	0.00621
87	0.03124	0.01250	0.01646	0.01283	0.01818	0.01114	0.01053	0.06065	0.02154	0.57854	0.02876	0.02582	0.01862	0.00930	0.00733	0.00227	0.00616	0.00752	0.10847	0.01215
88	0.02806	0.02279	0.02260	0.05190	0.02492	0.11113	0.01477	0.54780	0.03283	0.04263	0.01714	0.01772	0.01236	0.00886	0.00749	0.00225	0.00912	0.00657	0.00691	0.01215
89	0.01006	0.00769	0.00923	0.00893	0.01094	0.00686	0.00666	0.01298	0.01977	0.02656	0.44790	0.08551	0.28518	0.01709	0.00898	0.00247	0.00370	0.01479	0.00785	0.00686
90	0.01887	0.01629	0.01715	0.01544	0.01972	0.01887	0.01201	0.04031	0.67241	0.03173	0.03087	0.02830	0.02315	0.01029	0.00772	0.00257	0.00600	0.00858	0.00772	0.01201
91	0.03150	0.01221	0.01648	0.01293	0.01826	0.01063	0.01056	0.03440	0.02097	0.61464	0.03016	0.06040	0.02036	0.01006	0.00757	0.00234	0.00616	0.00827	0.05990	0.01219
92	0.01045	0.00774	0.00974	0.00924	0.01116	0.00703	0.00693	0.01376	0.02079	0.02881	0.58385	0.05931	0.17084	0.01611	0.00895	0.00241	0.00362	0.01409	0.00814	0.00703
93	0.01996	0.01024	0.01250	0.01078	0.01409	0.00979	0.00856	0.08041	0.02095	0.21481	0.21194	0.03706	0.03439	0.01140	0.00740	0.00222	0.00494	0.03497	0.24434	0.00924
94	0.08553	0.01652	0.05454	0.26631	0.09955	0.01717	0.04568	0.15302	0.02001	0.06639	0.01646	0.01993	0.01220	0.00792	0.00714	0.00234	0.00856	0.00666	0.08404	0.01002
95	0.78701	0.01467	0.01115	0.00997	0.01467	0.01702	0.00821	0.02230	0.01291	0.03403	0.01056	0.01232	0.00821	0.00704	0.00469	0.00235	0.00587	0.00411	0.00469	0.00821
96	0.01868	0.01195	0.01448	0.01143	0.01613	0.01033	0.00899	0.07156	0.01964	0.16226	0.17908	0.03252	0.05903	0.05771	0.00930	0.00224	0.00555	0.00846	0.00677	0.29388
97	0.01780	0.02016	0.04308	0.03103	0.03810	0.01950	0.60841	0.02382	0.01741	0.02382	0.01492	0.02016	0.01139	0.00693	0.01020	0.00262	0.06801	0.00877	0.00380	0.01008
98	0.05415	0.07223	0.62784	0.02061	0.03126	0.01819	0.02629	0.02387	0.01583	0.02422	0.01331	0.01564	0.00954	0.00716	0.00697	0.00236	0.01079	0.00545	0.00328	0.01099
99	0.18968	0.01482	0.01688	0.01337	0.01874	0.01494	0.01099	0.17588	0.02305	0.35582	0.07140	0.02351	0.01910	0.00928	0.00710	0.00233	0.00655	0.00715	0.00791	0.01149
100	0.09941	0.01267	0.01549	0.01287	0.01758	0.01224	0.01050	0.06091	0.07977	0.38042	0.05828	0.03356	0.07508	0.01321	0.03956	0.00291	0.00679	0.04974	0.00806	0.01094
101	0.01657	0.01651	0.04651	0.29006	0.20806	0.01861	0.01998	0.03885	0.01550	0.02177	0.01296	0.01853	0.01070	0.00870	0.01171	0.00257	0.18399	0.00657	0.00363	0.04823
102	0.01937	0.01654	0.01743	0.01554	0.01991	0.01910	0.01213	0.07141	0.64049	0.03254	0.03024	0.02779	0.02264	0.01023	0.00771	0.00256	0.00612	0.00849	0.00771	0.01205
103	0.29397	0.27430	0.13294	0.01497	0.02148	0.06708	0.05644	0.02338	0.01518	0.02509	0.01143	0.01348	0.00929	0.00688	0.00558	0.00209	0.00848	0.00470	0.00384	0.00940
104	0.02016	0.09747	0.03040	0.04819	0.13327	0.12953	0.19367	0.04076	0.01780	0.05568	0.01574	0.02139	0.01316	0.01142	0.05498	0.00303	0.06662	0.03262	0.00424	0.00987
105	0.02136	0.01521	0.01841	0.01508	0.02020	0.01546	0.04374	0.10209	0.27752	0.14840	0.02613	0.06017	0.02043	0.00994	0.00755	0.00229	0.00657	0.02853	0.00715	0.15377
106	0.25990	0.04618	0.01706	0.04767	0.01977	0.07164	0.01127	0.13749	0.06831	0.14817	0.02163	0.05683	0.04481	0.00953	0.00671	0.00235	0.00717	0.00715	0.00629	0.01007
107	0.01853	0.01624	0.01834	0.16062	0.05225	0.11758	0.01428	0.04320	0.05926	0.09109	0.02821	0.06316	0.10527	0.01236	0.01015	0.00264	0.09372	0.07864	0.00553	0.00893
108	0.01555	0.01348	0.01664	0.10234	0.02241	0.01098	0.01055	0.01914	0.01566	0.02403	0.01348	0.01631	0.01109	0.00587	0.00587	0.00131	0.00620	0.00478	0.00435	0.67997
109	0.01432	0.01348	0.02275	0.71520	0.05224	0.01685	0.02107	0.01938	0.01517	0.01938	0.01348	0.02022	0.01011	0.00758	0.00758	0.00253	0.01011	0.00674	0.00337	0.00843
110	0.02637	0.01950	0.02097	0.01631	0.02187	0.02135	0.01339	0.57693	0.03355	0.04490	0.06414	0.02427	0.06090	0.01018	0.00776	0.00230	0.00775	0.00787	0.00760	0.01211
111	0.02530	0.01735	0.01922	0.01567	0.02086	0.01890	0.01263	0.29063	0.27065	0.15642	0.05215	0.02492	0.02018	0.00986	0.00770	0.00240	0.00694	0.00791	0.00799	0.01233
112	0.01527	0.00878	0.01144	0.01019	0.01286	0.00790	0.00785	0.01859	0.02119	0.16220	0.50402	0.05175	0.10876	0.01457	0.00868	0.00239	0.00418	0.01268	0.00846	0.00825
113	0.01836	0.01693	0.01703	0.01538	0.01807	0.13261	0.01209	0.05184	0.17853	0.04520	0.02179	0.02504	0.03506	0.02294	0.19683	0.00511	0.12664	0.00754	0.04390	0.00912
114	0.01032	0.00771	0.00958	0.00918	0.01109	0.00697	0.00686	0.01349	0.02040	0.02802	0.53692	0.07863	0.19982	0.01651	0.00897	0.00244	0.00366	0.01442	0.00804	0.00697
115	0.01573	0.01348	0.01573	0.01123	0.01798	0.01011	0.00899	0.01910	0.01573	0.02472	0.01348	0.01573	0.01123	0.00562	0.00562	0.00112	0.00562	0.00449	0.00449	0.77980
116	0.03334	0.04926	0.01871	0.01347	0.01937	0.01209	0.01124	0.03625	0.02139	0.65760	0.02895	0.02513	0.01832	0.00924	0.00749	0.00231	0.00654	0.00745	0.00908	0.01275
117	0.01414	0.00707	0.00707	0.00707	0.00884	0.00707	0.00530	0.01767	0.01591	0.02828	0.02474	0.02828	0.01944	0.00884	0.00530	0.00177	0.00353	0.00707	0.77554	0.00707
118	0.02936	0.01218	0.01630	0.01291	0.01800	0.01081	0.01050	0.03323	0.05096	0.54839	0.14174	0.03121	0.02802	0.01048	0.00786	0.00236	0.00594	0.00871	0.00913	0.01188
119	0.01101	0.00745	0.00874	0.00874	0.00890	0.00761	0.00517	0.01133	0.01117	0.01505	0.02347	0.04729	0.02656	0.65331	0.11734	0.00793	0.00889	0.01069	0.00453	0.00485
120	0.00975	0.00715	0.00857	0.00918	0.01056	0.00640	0.00645	0.01090	0.01563	0.01990	0.10281	0.30743	0.31489	0.02153	0.01190	0.10327	0.00438	0.01666	0.00666	0.00597
121	0.02028	0.73799	0.03975	0.01298	0.01947	0.03001	0.01298	0.02271	0.01541	0.01785	0.01055	0.01217	0.00973	0.00649	0.00487	0.00162	0.00811	0.00406	0.00324	0.00973
122	0.01245	0.00780	0.01036	0.01070	0.01220	0.00724	0.00781	0.01481	0.01765	0.08786	0.25470	0.35519	0.05290	0.04716	0.01044	0.00298	0.00465	0.06834	0.00761	0.00715
123	0.02028	0.73799	0.03975	0.01298	0.01947	0.03001	0.01298	0.02271	0.01541	0.01785	0.01055	0.01217	0.00973	0.00649	0.00487	0.00162	0.00811	0.00406	0.00324	0.00973
124	0.02435	0.01604	0.02363	0.10433	0.14608	0.04438	0.07643	0.05394	0.01909	0.27740	0.02032	0.02175	0.01438	0.00870	0.00929	0.00242	0.07845	0.00722	0.04072	0.01108
125	0.01718	0.20654	0.47407	0.02063	0.06269	0.02088	0.02358	0.04992	0.01674	0.02355	0.01309	0.01531	0.00990	0.00709	0.00667	0.00220	0.01023	0.00534	0.00342	0.01096
126	0.00960	0.00680	0.00854	0.00989	0.01064	0.00631	0.00666	0.01106	0.01476	0.01981	0.04401	0.57372	0.12210	0.05788	0.01078	0.00315	0.00443	0.01949	0.05422	0.00617
127	0.22545	0.01530	0.01873	0.18775	0.11799	0.05203	0.01479	0.02087	0.01467	0.02502	0.01357	0.01797	0.01102	0.00845	0.00936	0.00245	0.12696	0.00596	0.10299	0.00869
128	0.01034	0.00756	0.00936	0.01021	0.01136	0.00730	0.00718	0.01307	0.04823	0.02107	0.09438	0.40795	0.13371	0.07815	0.04551	0.00367	0.00541	0.04078	0.03821	0.00654

[dist]
# distance from previous block
# <min> <max>
2	4

[block]
# block no. 4 follows, 26 sequences, length 62
# corresponding to MSA columns:
# 380-441
name=unknown_E
#
# <colnr> <probs for GDERKNQSTAVLIFYWHMCP>
#	G	D	E	R	K	N	Q	S	T	A	V	L	I	F	Y	W	H	M	C	P
0	0.08055	0.15877	0.05814	0.12821	0.05900	0.01724	0.01409	0.05076	0.01758	0.16992	0.01651	0.01796	0.01220	0.00733	0.00641	0.00198	0.00762	0.00569	0.00517	0.16488
1	0.61504	0.01574	0.01352	0.01147	0.01647	0.01786	0.00946	0.13551	0.01737	0.07001	0.01290	0.01405	0.00958	0.00752	0.00535	0.00233	0.00633	0.00477	0.00544	0.00928
2	0.02437	0.01196	0.01525	0.01254	0.01672	0.01126	0.00994	0.09458	0.04695	0.35632	0.19549	0.07370	0.03401	0.04956	0.00970	0.00266	0.00584	0.01009	0.00849	0.01059
3	0.02563	0.01564	0.02249	0.02613	0.27291	0.01534	0.01576	0.12802	0.02169	0.27723	0.02166	0.02216	0.01534	0.00829	0.00737	0.00225	0.00746	0.00712	0.07546	0.01204
4	0.01372	0.01134	0.01169	0.01121	0.01213	0.07407	0.00762	0.04919	0.01390	0.01793	0.02304	0.10951	0.02533	0.42676	0.11507	0.00653	0.04937	0.01069	0.00481	0.00609
5	0.00981	0.00717	0.00922	0.00987	0.01106	0.00658	0.00696	0.01208	0.01756	0.02386	0.29920	0.39554	0.12297	0.02003	0.00932	0.00275	0.00402	0.01789	0.00756	0.00658
6	0.01085	0.00808	0.01197	0.01197	0.01325	0.00936	0.00921	0.01340	0.01212	0.01745	0.02052	0.03091	0.01945	0.09490	0.66602	0.01192	0.01959	0.00829	0.00409	0.00665
7	0.00924	0.00660	0.00880	0.01056	0.01100	0.00616	0.00704	0.01056	0.01452	0.01936	0.04181	0.72848	0.05017	0.02376	0.00968	0.00308	0.00440	0.02156	0.00704	0.00616
8	0.01210	0.00802	0.01032	0.00968	0.01165	0.00733	0.00722	0.01526	0.02041	0.07262	0.53596	0.09053	0.10801	0.04499	0.01010	0.00263	0.00399	0.01377	0.00811	0.00733
9	0.01093	0.00731	0.00830	0.00840	0.00842	0.00729	0.00473	0.01100	0.01122	0.01497	0.02489	0.08728	0.02883	0.69408	0.03700	0.00712	0.00719	0.01161	0.00473	0.00468
10	0.01426	0.00980	0.01200	0.01091	0.01352	0.00962	0.00834	0.04398	0.11023	0.08370	0.45878	0.07699	0.08850	0.01458	0.00865	0.00244	0.00437	0.01270	0.00820	0.00842
11	0.01084	0.00813	0.01219	0.01219	0.01354	0.00948	0.00948	0.01354	0.01219	0.01761	0.02032	0.02980	0.01896	0.05689	0.70337	0.01219	0.02032	0.00813	0.00406	0.00677
12	0.09108	0.01831	0.01890	0.20887	0.02882	0.12907	0.01452	0.03094	0.26684	0.08426	0.02099	0.02200	0.01561	0.00876	0.00725	0.00242	0.00842	0.00697	0.00576	0.01022
13	0.01784	0.02027	0.04371	0.03138	0.03868	0.01938	0.62728	0.02400	0.01760	0.02400	0.01508	0.02027	0.01143	0.00673	0.00973	0.00259	0.04724	0.00884	0.00381	0.01014
14	0.01479	0.01388	0.02283	0.58926	0.08263	0.01731	0.02032	0.01943	0.01494	0.01980	0.01346	0.01999	0.01045	0.00815	0.00928	0.00257	0.08194	0.00674	0.02367	0.00857
15	0.01191	0.01029	0.01357	0.20906	0.02327	0.04805	0.01140	0.01432	0.01478	0.01898	0.03007	0.41603	0.03380	0.05903	0.04673	0.00357	0.00751	0.01519	0.00555	0.00689
16	0.32877	0.14703	0.09843	0.06497	0.02312	0.12038	0.05000	0.02350	0.01535	0.02565	0.01153	0.01408	0.00925	0.00730	0.00649	0.00223	0.03400	0.00493	0.00397	0.00904
17	0.01643	0.01725	0.03002	0.40036	0.04416	0.05509	0.23197	0.02152	0.01616	0.02089	0.01375	0.01968	0.01055	0.00762	0.00926	0.00256	0.06279	0.00737	0.00355	0.00904
18	0.01521	0.03923	0.69413	0.02162	0.03283	0.01762	0.02802	0.02402	0.01601	0.02402	0.01361	0.01601	0.00961	0.00721	0.00721	0.00240	0.01121	0.00560	0.00320	0.01121
19	0.41066	0.01468	0.01664	0.01423	0.01866	0.01606	0.08796	0.08689	0.05275	0.03144	0.01944	0.08898	0.01799	0.01055	0.00682	0.00258	0.00696	0.08238	0.00554	0.00881
20	0.01167	0.00753	0.00869	0.00852	0.01029	0.00709	0.00634	0.01471	0.01805	0.02670	0.29532	0.05046	0.14536	0.06631	0.00996	0.00261	0.00402	0.03711	0.26243	0.00682
21	0.01522	0.01329	0.02145	0.55506	0.04430	0.01597	0.04284	0.05393	0.01648	0.02231	0.01534	0.02122	0.01159	0.00779	0.00732	0.00241	0.00922	0.00687	0.10882	0.00855
