[name]
unknown

[dist]
# distance from previous block
# <min> <max>
5	121

[block]
# block no. 0 follows, 29 sequences, length 35
# corresponding to MSA columns:
# 121-155
name=unknown_A
#
# <colnr> <probs for GDERKNQSTAVLIFYWHMCP>
#	G	D	E	R	K	N	Q	S	T	A	V	L	I	F	Y	W	H	M	C	P
0	0.09498	0.01673	0.01675	0.01451	0.01889	0.04342	0.01147	0.16360	0.47252	0.03255	0.02415	0.02276	0.01803	0.00906	0.00692	0.00232	0.00632	0.00720	0.00682	0.01099
1	0.01079	0.07920	0.01186	0.00916	0.01144	0.00900	0.00713	0.01423	0.04472	0.02478	0.42979	0.09510	0.19707	0.01480	0.00803	0.00225	0.00396	0.01275	0.00701	0.00692
2	0.09456	0.01715	0.02643	0.02622	0.21793	0.01757	0.17879	0.13627	0.10822	0.05358	0.01650	0.01866	0.01255	0.00715	0.00711	0.00220	0.00837	0.00680	0.00495	0.03900
3	0.01141	0.00727	0.00955	0.00976	0.01127	0.00673	0.00706	0.01356	0.01633	0.08773	0.23941	0.36584	0.10287	0.02028	0.05356	0.00313	0.00498	0.01554	0.00702	0.00673
4	0.01847	0.01495	0.04016	0.04696	0.13022	0.03295	0.03338	0.06203	0.06665	0.11635	0.05522	0.02032	0.01584	0.00726	0.00648	0.00178	0.00665	0.00619	0.03318	0.28496
5	0.15008	0.01160	0.01283	0.01029	0.01498	0.01046	0.00820	0.02038	0.05531	0.11534	0.12387	0.02705	0.08652	0.00883	0.00626	0.00179	0.00499	0.00710	0.00580	0.31833
6	0.56416	0.01508	0.01546	0.01257	0.01751	0.01671	0.07322	0.11785	0.01619	0.07581	0.01254	0.01390	0.00927	0.00697	0.00536	0.00221	0.00650	0.00487	0.00500	0.00881
7	0.01477	0.01266	0.01477	0.01055	0.01687	0.00949	0.00844	0.01793	0.01477	0.02320	0.01266	0.01477	0.01055	0.00527	0.00527	0.00105	0.00527	0.00422	0.00422	0.79328
8	0.01151	0.00739	0.00934	0.00979	0.01149	0.00668	0.00725	0.01348	0.01591	0.09321	0.10963	0.36357	0.20762	0.01879	0.00873	0.00268	0.00439	0.08489	0.00696	0.00668
9	0.67789	0.01351	0.01143	0.00989	0.01447	0.01510	0.00815	0.02312	0.01343	0.13983	0.01281	0.01358	0.00929	0.00696	0.00484	0.00220	0.00560	0.00438	0.00511	0.00841
10	0.01020	0.00751	0.01083	0.01083	0.01189	0.00857	0.00814	0.01232	0.01126	0.01608	0.01963	0.03106	0.01914	0.16894	0.60784	0.01069	0.01705	0.00808	0.00390	0.00602
11	0.00958	0.00726	0.00883	0.00844	0.01034	0.00651	0.00633	0.01248	0.01899	0.02579	0.51469	0.05774	0.25580	0.01559	0.00840	0.00229	0.00343	0.01352	0.00747	0.00651
12	0.01017	0.00763	0.01144	0.01144	0.01272	0.00890	0.00890	0.01272	0.01144	0.01653	0.01907	0.02797	0.01780	0.05340	0.72153	0.01144	0.01907	0.00763	0.00381	0.00636
13	0.06114	0.01173	0.01514	0.01197	0.01676	0.01063	0.00977	0.06622	0.02056	0.51631	0.12715	0.02927	0.05102	0.00991	0.00727	0.00221	0.00564	0.00812	0.00830	0.01089
14	0.01369	0.01061	0.01561	0.36344	0.03028	0.01217	0.01370	0.01869	0.06648	0.05102	0.02374	0.09851	0.04937	0.01066	0.00728	0.00239	0.00702	0.06784	0.12975	0.00774
15	0.02026	0.10534	0.02280	0.07562	0.02340	0.03556	0.08871	0.14043	0.03847	0.11553	0.01575	0.01716	0.01180	0.00684	0.00637	0.00178	0.00747	0.00572	0.00511	0.25586
16	0.01800	0.01358	0.01553	0.01733	0.15011	0.08710	0.01101	0.04251	0.06293	0.12866	0.10854	0.03216	0.11530	0.03154	0.00787	0.00224	0.00621	0.00852	0.13193	0.00890
17	0.04077	0.11942	0.10938	0.01524	0.06365	0.01560	0.01292	0.07652	0.11192	0.10195	0.01869	0.06380	0.01519	0.00814	0.00633	0.00192	0.00670	0.00656	0.03316	0.17215
18	0.02401	0.05760	0.01863	0.04007	0.01950	0.01628	0.01161	0.25497	0.08057	0.23206	0.02188	0.02525	0.01677	0.08612	0.01067	0.00273	0.03139	0.03257	0.00680	0.01054
19	0.06052	0.05624	0.11197	0.01138	0.01448	0.00981	0.01031	0.01440	0.01569	0.02206	0.16011	0.25146	0.12390	0.01579	0.00807	0.00254	0.00543	0.09278	0.00596	0.00709
20	0.12934	0.18386	0.07842	0.08618	0.02284	0.03756	0.09570	0.01997	0.01522	0.02288	0.07836	0.01864	0.01532	0.00712	0.00601	0.00188	0.00749	0.00583	0.03483	0.13255
21	0.01347	0.01011	0.01250	0.06259	0.01623	0.00990	0.00897	0.06456	0.09102	0.05376	0.11178	0.29638	0.06752	0.01439	0.00780	0.00232	0.00509	0.01264	0.00633	0.13264
22	0.01841	0.20947	0.24622	0.03892	0.02475	0.01818	0.08031	0.04273	0.04100	0.11392	0.04400	0.01794	0.01348	0.00720	0.00644	0.00201	0.00843	0.00587	0.00440	0.05633
23	0.01492	0.08521	0.43215	0.01884	0.07243	0.01549	0.02018	0.02159	0.04395	0.05258	0.04337	0.09422	0.03661	0.00912	0.00700	0.00226	0.00862	0.00754	0.00414	0.00981
24	0.00929	0.00637	0.00835	0.00944	0.01009	0.00591	0.00640	0.01000	0.01353	0.01782	0.06695	0.51760	0.12307	0.02184	0.01196	0.12844	0.00436	0.01705	0.00610	0.00542
25	0.12160	0.01728	0.04082	0.01726	0.08580	0.01760	0.01316	0.32844	0.05459	0.20399	0.01896	0.01858	0.01318	0.00816	0.00679	0.00218	0.00716	0.00631	0.00674	0.01140
26	0.00966	0.00720	0.00923	0.01031	0.01135	0.00708	0.00743	0.01233	0.05190	0.01900	0.03970	0.46621	0.11414	0.04591	0.07821	0.00380	0.00594	0.08809	0.00630	0.00621
27	0.00935	0.00674	0.00869	0.01004	0.01061	0.00651	0.00679	0.01135	0.04206	0.01837	0.03707	0.61570	0.04364	0.09419	0.01175	0.00329	0.00458	0.04697	0.00641	0.00590
28	0.02802	0.01457	0.01747	0.01356	0.01874	0.01452	0.01114	0.28029	0.02504	0.38487	0.05085	0.02282	0.01756	0.00891	0.00706	0.00215	0.00646	0.00707	0.05733	0.01155
29	0.03195	0.01212	0.01652	0.01267	0.01818	0.01047	0.01047	0.03470	0.02038	0.71026	0.02809	0.02424	0.01763	0.00881	0.00716	0.00220	0.00606	0.00716	0.00881	0.01212
30	0.01440	0.01363	0.02307	0.57600	0.19826	0.01607	0.02025	0.01903	0.01469	0.01935	0.01282	0.01867	0.00990	0.00694	0.00710	0.00231	0.00926	0.00633	0.00325	0.00868
31	0.02630	0.01920	0.02055	0.01584	0.02131	0.02122	0.01306	0.64438	0.03244	0.04385	0.01744	0.01762	0.01245	0.00853	0.00700	0.00211	0.00758	0.00642	0.05089	0.01180
32	0.08708	0.01389	0.01483	0.03845	0.01753	0.06837	0.01006	0.12545	0.04088	0.25965	0.08126	0.05734	0.10773	0.01057	0.00713	0.00221	0.00625	0.00851	0.03317	0.00963
33	0.01904	0.75404	0.03731	0.01218	0.01828	0.02818	0.01218	0.02132	0.01447	0.01675	0.00990	0.01142	0.00914	0.00609	0.00457	0.00152	0.00761	0.00381	0.00305	0.00914
34	0.02482	0.04869	0.02112	0.01592	0.02103	0.08629	0.05428	0.40127	0.04247	0.10541	0.01845	0.03490	0.01370	0.00852	0.00691	0.00209	0.00789	0.00670	0.06867	0.01086

[dist]
# distance from previous block
# <min> <max>
0	1

[block]
# block no. 1 follows, 29 sequences, length 34
# corresponding to MSA columns:
# 157-190
name=unknown_B
#
# <colnr> <probs for GDERKNQSTAVLIFYWHMCP>
#	G	D	E	R	K	N	Q	S	T	A	V	L	I	F	Y	W	H	M	C	P
0	0.01931	0.44725	0.10904	0.01357	0.01988	0.05766	0.01340	0.07782	0.01667	0.04650	0.01262	0.03182	0.01081	0.00687	0.00542	0.00169	0.00783	0.00482	0.00385	0.09318
1	0.01402	0.05798	0.04968	0.01155	0.01426	0.01054	0.00926	0.01952	0.13432	0.09849	0.14395	0.33865	0.03835	0.01545	0.00803	0.00250	0.00504	0.01359	0.00675	0.00806
2	0.02918	0.01186	0.01565	0.01220	0.01723	0.01059	0.01001	0.06629	0.02061	0.58840	0.05656	0.02532	0.01956	0.00901	0.00703	0.00216	0.00581	0.00733	0.07380	0.01142
3	0.00954	0.00716	0.00883	0.00861	0.01036	0.00646	0.00638	0.01232	0.01859	0.02530	0.48500	0.11987	0.22321	0.01613	0.00847	0.00234	0.00349	0.01408	0.00742	0.00646
4	0.01802	0.00921	0.01212	0.01131	0.01406	0.00847	0.00875	0.04793	0.01779	0.26310	0.09005	0.30175	0.06520	0.01588	0.00833	0.00259	0.00514	0.08435	0.00750	0.00844
5	0.01477	0.01266	0.01477	0.01055	0.01687	0.00949	0.00844	0.01793	0.01477	0.02320	0.01266	0.01477	0.01055	0.00527	0.00527	0.00105	0.00527	0.00422	0.00422	0.79328
6	0.00885	0.00633	0.00842	0.00980	0.01037	0.00590	0.00662	0.01036	0.01445	0.01947	0.12203	0.65863	0.04961	0.02134	0.00900	0.00281	0.00403	0.01932	0.00676	0.00590
7	0.01002	0.00745	0.00867	0.00839	0.01056	0.00655	0.00640	0.01257	0.01800	0.04581	0.33062	0.06126	0.38521	0.01636	0.00843	0.00237	0.00372	0.04387	0.00719	0.00653
8	0.08139	0.01475	0.07693	0.23910	0.02918	0.01357	0.07339	0.04521	0.01698	0.14072	0.11318	0.02339	0.01918	0.00819	0.00701	0.00218	0.00760	0.00712	0.00515	0.07576
9	0.70448	0.01626	0.01167	0.01047	0.01479	0.10311	0.00846	0.02186	0.01311	0.03015	0.01005	0.01172	0.00789	0.00670	0.00466	0.00216	0.00641	0.00395	0.00432	0.00778
10	0.00881	0.00629	0.00841	0.01006	0.01054	0.00590	0.00684	0.01014	0.01376	0.01832	0.03917	0.71397	0.04681	0.02218	0.00912	0.00291	0.00424	0.05009	0.00661	0.00582
11	0.01771	0.01530	0.01610	0.01449	0.01852	0.01771	0.01127	0.03784	0.69247	0.02979	0.02898	0.02657	0.02174	0.00966	0.00725	0.00242	0.00564	0.00805	0.00725	0.01127
12	0.01008	0.00728	0.00952	0.00896	0.01064	0.00672	0.00672	0.01344	0.02016	0.02855	0.70158	0.05319	0.06719	0.01456	0.00840	0.00224	0.00336	0.01288	0.00784	0.00672
13	0.01428	0.03683	0.71286	0.02030	0.03082	0.01654	0.02631	0.02255	0.01503	0.02255	0.01278	0.01503	0.00902	0.00677	0.00677	0.00226	0.01052	0.00526	0.00301	0.01052
14	0.02258	0.01877	0.08046	0.01903	0.08459	0.01776	0.06428	0.27910	0.13827	0.12144	0.01934	0.01951	0.01392	0.00801	0.00709	0.00215	0.00766	0.00669	0.00623	0.06314
15	0.42626	0.06259	0.05171	0.01181	0.01692	0.01641	0.01031	0.07953	0.08050	0.15903	0.01589	0.01601	0.01143	0.00745	0.00555	0.00218	0.00621	0.00516	0.00557	0.00948
16	0.01036	0.00690	0.00777	0.00777	0.00777	0.00690	0.00431	0.01036	0.01036	0.01381	0.02244	0.04660	0.02589	0.74975	0.03624	0.00690	0.00690	0.01036	0.00431	0.00431
17	0.02022	0.01745	0.10034	0.01507	0.04483	0.07356	0.01271	0.10930	0.12822	0.17297	0.11526	0.03111	0.08382	0.01041	0.00742	0.00226	0.00687	0.03161	0.00660	0.00998
18	0.04788	0.01318	0.01557	0.05082	0.01834	0.01430	0.01075	0.13146	0.20460	0.11141	0.12377	0.02656	0.02355	0.01291	0.04475	0.05319	0.03516	0.00776	0.00644	0.04760
19	0.02627	0.03079	0.02045	0.01801	0.02190	0.57204	0.01379	0.14291	0.02217	0.02224	0.01202	0.01369	0.00970	0.00774	0.00718	0.00194	0.03902	0.00497	0.00426	0.00892
20	0.01240	0.00821	0.01028	0.00950	0.01168	0.00762	0.00719	0.04779	0.01973	0.08407	0.46805	0.11386	0.14226	0.01494	0.00830	0.00231	0.00391	0.01303	0.00761	0.00726
21	0.03076	0.01238	0.01649	0.01282	0.01821	0.01107	0.01053	0.03496	0.07645	0.65349	0.02817	0.02443	0.01797	0.00888	0.00717	0.00222	0.00602	0.00723	0.00868	0.01205
22	0.02018	0.00964	0.01259	0.01059	0.01403	0.00876	0.00838	0.02391	0.04537	0.32595	0.32549	0.03732	0.03975	0.01134	0.00753	0.00218	0.00462	0.00968	0.07344	0.00924
23	0.00946	0.00716	0.00872	0.00853	0.01031	0.00643	0.00632	0.01217	0.01841	0.02486	0.45567	0.11930	0.25411	0.01628	0.00846	0.00235	0.00350	0.01417	0.00736	0.00643
24	0.04491	0.01304	0.01536	0.01234	0.01676	0.01292	0.01000	0.22584	0.02362	0.27222	0.15781	0.03265	0.10936	0.01090	0.00746	0.00221	0.00577	0.00889	0.00771	0.01021
25	0.73472	0.01363	0.01098	0.00965	0.01415	0.01551	0.00795	0.02210	0.01282	0.08964	0.01146	0.01264	0.00855	0.00680	0.00464	0.00220	0.00556	0.00414	0.00478	0.00809
26	0.02249	0.01595	0.01771	0.01472	0.01933	0.01744	0.01195	0.30729	0.24890	0.11489	0.05398	0.02793	0.02077	0.01014	0.00745	0.00234	0.00659	0.06164	0.00735	0.01113
27	0.01571	0.01497	0.02545	0.35941	0.40459	0.01642	0.02090	0.02018	0.01531	0.02094	0.01306	0.01825	0.01046	0.00670	0.00708	0.00223	0.00893	0.00634	0.00336	0.00974
28	0.01851	0.01569	0.01655	0.01465	0.01882	0.01808	0.01146	0.09259	0.63642	0.03107	0.02797	0.02576	0.02092	0.00957	0.00724	0.00239	0.00582	0.00791	0.00724	0.01134
29	0.02008	0.01766	0.01736	0.01514	0.01943	0.07716	0.01187	0.14907	0.52171	0.03138	0.02541	0.02377	0.01901	0.00927	0.00716	0.00232	0.00662	0.00748	0.00693	0.01117
30	0.80005	0.01377	0.01047	0.00936	0.01377	0.01597	0.00771	0.02093	0.01212	0.03195	0.00991	0.01157	0.00771	0.00661	0.00441	0.00220	0.00551	0.00386	0.00441	0.00771
31	0.00897	0.00646	0.00855	0.01002	0.01069	0.00604	0.00698	0.01050	0.01429	0.01898	0.07158	0.62657	0.07618	0.02153	0.00909	0.00287	0.00428	0.07386	0.00666	0.00590
32	0.48865	0.01384	0.01230	0.01061	0.01484	0.04915	0.00858	0.04849	0.01590	0.14949	0.10863	0.01978	0.01787	0.00820	0.00564	0.00219	0.00577	0.00581	0.00572	0.00854
33	0.64551	0.01574	0.01258	0.01087	0.01543	0.05397	0.00889	0.11863	0.01569	0.03309	0.01103	0.01245	0.00844	0.00693	0.00491	0.00217	0.00624	0.00427	0.00477	0.00839

[dist]
# distance from previous block
# <min> <max>
0	1

[block]
# block no. 2 follows, 29 sequences, length 50
# corresponding to MSA columns:
# 192-241
name=unknown_C
#
# <colnr> <probs for GDERKNQSTAVLIFYWHMCP>
#	G	D	E	R	K	N	Q	S	T	A	V	L	I	F	Y	W	H	M	C	P
0	0.49178	0.01437	0.01355	0.01130	0.01610	0.01576	0.00928	0.11789	0.04943	0.17650	0.01567	0.01573	0.01109	0.00749	0.00551	0.00220	0.00596	0.00511	0.00585	0.00943
1	0.01174	0.00828	0.01009	0.00960	0.01178	0.00793	0.00724	0.01606	0.08337	0.06973	0.32953	0.11851	0.20434	0.01802	0.05849	0.00301	0.00500	0.01289	0.00715	0.00723
2	0.02046	0.01637	0.01749	0.01477	0.01921	0.01847	0.01175	0.26238	0.41351	0.03500	0.07217	0.02511	0.02155	0.00961	0.00728	0.00231	0.00625	0.00781	0.00724	0.01125
3	0.01326	0.00754	0.01010	0.01045	0.01199	0.00701	0.00753	0.01498	0.01500	0.14640	0.05652	0.47541	0.06096	0.04457	0.05806	0.00345	0.00563	0.03731	0.00679	0.00701
4	0.01672	0.01598	0.02694	0.08980	0.61306	0.01612	0.02062	0.02083	0.01608	0.02264	0.01723	0.02109	0.05690	0.00717	0.00714	0.00215	0.00821	0.00692	0.00370	0.01069
5	0.00868	0.00620	0.00826	0.00991	0.01033	0.00578	0.00661	0.00991	0.01363	0.01818	0.03925	0.74510	0.04710	0.02231	0.00909	0.00289	0.00413	0.02024	0.00661	0.00578
6	0.01685	0.01345	0.01489	0.01335	0.01690	0.01481	0.01065	0.14872	0.33247	0.03065	0.13885	0.03871	0.06826	0.01207	0.00782	0.00245	0.00569	0.09645	0.00719	0.00976
7	0.01525	0.01309	0.01498	0.01119	0.01714	0.01084	0.00890	0.02119	0.12581	0.02428	0.01533	0.01670	0.01238	0.00599	0.00560	0.00128	0.00533	0.00485	0.00471	0.66515
8	0.02256	0.01799	0.01832	0.01511	0.01980	0.05426	0.01211	0.35914	0.28326	0.03653	0.02174	0.02113	0.01605	0.00890	0.00699	0.00220	0.00695	0.00696	0.05877	0.01123
9	0.01558	0.01558	0.02181	0.01869	0.01869	0.02181	0.01558	0.01714	0.01091	0.01714	0.00935	0.01558	0.00935	0.01246	0.02337	0.00312	0.73672	0.00623	0.00312	0.00779
10	0.01025	0.00732	0.00989	0.00989	0.01062	0.00806	0.00696	0.01172	0.01098	0.01538	0.02050	0.03586	0.02123	0.34826	0.43136	0.00952	0.01392	0.00878	0.00403	0.00549
11	0.01881	0.01540	0.01903	0.05022	0.01982	0.03687	0.01331	0.20635	0.04019	0.05785	0.01529	0.01992	0.01285	0.04178	0.13107	0.00419	0.27653	0.00671	0.00482	0.00900
12	0.01569	0.01321	0.01526	0.01099	0.01727	0.01044	0.00882	0.06791	0.01617	0.02484	0.01299	0.01494	0.01066	0.00552	0.00541	0.00114	0.00547	0.00438	0.00444	0.73446
13	0.02543	0.02486	0.01959	0.01649	0.02095	0.32303	0.01294	0.31939	0.06368	0.03096	0.01554	0.01641	0.01178	0.00807	0.00669	0.00199	0.00958	0.00573	0.05686	0.01004
14	0.01615	0.00862	0.01146	0.00999	0.01273	0.00776	0.00776	0.01934	0.02022	0.21774	0.51467	0.04515	0.05343	0.01296	0.00805	0.00223	0.00411	0.01129	0.00811	0.00822
15	0.01029	0.00718	0.00916	0.00916	0.00964	0.00766	0.00605	0.01125	0.01077	0.01484	0.02116	0.03955	0.02283	0.48633	0.29548	0.00862	0.01151	0.00932	0.00413	0.00509
16	0.00966	0.00724	0.00884	0.00845	0.01023	0.00655	0.00626	0.01246	0.01866	0.02542	0.50578	0.05681	0.22855	0.05212	0.00979	0.00251	0.00360	0.01330	0.00735	0.00642
17	0.01036	0.00690	0.00777	0.00777	0.00777	0.00690	0.00431	0.01036	0.01036	0.01381	0.02244	0.04660	0.02589	0.74975	0.03624	0.00690	0.00690	0.01036	0.00431	0.00431
18	0.01427	0.01366	0.01930	0.01694	0.01725	0.01869	0.01396	0.01607	0.01104	0.01699	0.01170	0.01858	0.01139	0.02236	0.19221	0.00513	0.56317	0.00657	0.00328	0.00744
19	0.76147	0.01478	0.01095	0.00981	0.01418	0.05115	0.00801	0.02131	0.01252	0.03122	0.00997	0.01163	0.00778	0.00665	0.00451	0.00218	0.00587	0.00389	0.00437	0.00774
20	0.77273	0.01371	0.01068	0.00948	0.01393	0.01578	0.00781	0.02142	0.01241	0.05608	0.01056	0.01202	0.00806	0.00669	0.00450	0.00220	0.00553	0.00397	0.00456	0.00787
21	0.01773	0.12794	0.20059	0.22202	0.05623	0.04193	0.01868	0.08654	0.01675	0.06490	0.01338	0.01648	0.01013	0.00755	0.00799	0.00222	0.06982	0.00569	0.00387	0.00956
22	0.01605	0.01382	0.01679	0.09650	0.01946	0.06515	0.01241	0.03917	0.03903	0.04371	0.07746	0.02233	0.01737	0.01043	0.01331	0.00246	0.30242	0.00692	0.17734	0.00788
23	0.00872	0.00684	0.00781	0.00836	0.00990	0.00602	0.00592	0.01039	0.01545	0.01949	0.11339	0.31036	0.38921	0.04285	0.00955	0.00271	0.00388	0.01657	0.00664	0.00594
24	0.06462	0.03884	0.09481	0.07564	0.11015	0.06262	0.01456	0.14452	0.08257	0.04522	0.03841	0.04517	0.01480	0.00800	0.00664	0.00202	0.00759	0.00648	0.00500	0.13232
25	0.01890	0.01253	0.01519	0.01106	0.01719	0.00973	0.00893	0.02197	0.01612	0.18866	0.01637	0.01705	0.01225	0.00613	0.00573	0.00133	0.00546	0.00493	0.00533	0.60517
26	0.02461	0.01786	0.01905	0.01496	0.02001	0.01973	0.01224	0.55022	0.07463	0.04143	0.01870	0.01898	0.01357	0.00859	0.00684	0.00209	0.00709	0.00655	0.11152	0.01132
27	0.02295	0.01790	0.01905	0.01555	0.02051	0.02016	0.01254	0.39839	0.32338	0.03824	0.02232	0.02126	0.01634	0.00904	0.00718	0.00226	0.00687	0.00713	0.00718	0.01174
28	0.04316	0.01471	0.06760	0.09044	0.12889	0.04599	0.06368	0.02166	0.01618	0.18081	0.02294	0.16381	0.02100	0.05255	0.00919	0.00264	0.00754	0.03265	0.00547	0.00907
29	0.03167	0.01256	0.01680	0.01288	0.01840	0.01112	0.01064	0.07118	0.02112	0.67274	0.02747	0.02383	0.01732	0.00880	0.00716	0.00220	0.00616	0.00712	0.00872	0.01212
30	0.01488	0.01276	0.01482	0.01070	0.01694	0.00982	0.00855	0.01872	0.04174	0.02347	0.01331	0.01524	0.01099	0.00545	0.00535	0.00111	0.00529	0.00437	0.00434	0.76216
31	0.07718	0.02996	0.01978	0.01849	0.04831	0.57755	0.01360	0.02745	0.01905	0.05317	0.01180	0.01365	0.00959	0.00757	0.00716	0.00195	0.04648	0.00481	0.00394	0.00851
32	0.00868	0.00620	0.00826	0.00991	0.01033	0.00578	0.00661	0.00991	0.01363	0.01818	0.03925	0.74510	0.04710	0.02231	0.00909	0.00289	0.00413	0.02024	0.00661	0.00578
33	0.06815	0.01615	0.01794	0.01598	0.04165	0.01830	0.03565	0.14028	0.49687	0.03191	0.02483	0.02354	0.01857	0.00905	0.00708	0.00235	0.00630	0.00748	0.00680	0.01112
34	0.01521	0.01328	0.02267	0.37527	0.18239	0.01454	0.07628	0.01937	0.01532	0.06555	0.01893	0.09109	0.04174	0.00886	0.00746	0.00236	0.00851	0.00826	0.00412	0.00879
35	0.02151	0.00946	0.01282	0.01143	0.01466	0.00836	0.00874	0.02358	0.01735	0.39972	0.03310	0.34769	0.03085	0.01487	0.00803	0.00251	0.00519	0.01303	0.00782	0.00928
36	0.01327	0.00664	0.00664	0.00664	0.00830	0.00664	0.00498	0.01659	0.01493	0.02655	0.02323	0.02655	0.01825	0.00830	0.00498	0.00166	0.00332	0.00664	0.78928	0.00664
37	0.01973	0.16753	0.37267	0.01736	0.02521	0.13330	0.01933	0.02503	0.01654	0.11920	0.01414	0.01532	0.01030	0.00703	0.00635	0.00204	0.00972	0.00515	0.00395	0.01012
38	0.01881	0.01586	0.06713	0.18041	0.09268	0.03613	0.08885	0.06689	0.07969	0.15024	0.02033	0.09122	0.01651	0.01052	0.03044	0.00263	0.00853	0.00816	0.00529	0.00971
39	0.03095	0.01234	0.01649	0.01280	0.01820	0.01098	0.01052	0.03492	0.06771	0.66235	0.02815	0.02440	0.01792	0.00887	0.00717	0.00222	0.00603	0.00722	0.00870	0.01206
40	0.01455	0.01324	0.02136	0.67479	0.04687	0.01633	0.01927	0.07177	0.01579	0.02035	0.01301	0.01883	0.00970	0.00723	0.00712	0.00235	0.00936	0.00633	0.00348	0.00825
41	0.04480	0.01921	0.17127	0.22713	0.20677	0.01586	0.01945	0.02389	0.08111	0.09806	0.01605	0.01883	0.01187	0.00726	0.00695	0.00226	0.00856	0.00627	0.00428	0.01012
42	0.01610	0.01397	0.02386	0.45937	0.08489	0.01629	0.09570	0.02043	0.01489	0.08456	0.01401	0.01905	0.01052	0.00768	0.00903	0.00242	0.08810	0.00664	0.00377	0.00872
43	0.01056	0.00688	0.00769	0.00769	0.00780	0.00688	0.00436	0.01079	0.01068	0.01470	0.02249	0.04519	0.02535	0.69754	0.03404	0.00653	0.00665	0.01009	0.05959	0.00448
44	0.80005	0.01377	0.01047	0.00936	0.01377	0.01597	0.00771	0.02093	0.01212	0.03195	0.00991	0.01157	0.00771	0.00661	0.00441	0.00220	0.00551	0.00386	0.00441	0.00771
45	0.01034	0.00697	0.00813	0.00813	0.00825	0.00710	0.00476	0.01059	0.01046	0.01407	0.02211	0.04478	0.02510	0.68171	0.10320	0.00735	0.00809	0.01009	0.00427	0.00451
46	0.04549	0.01834	0.01976	0.01554	0.02079	0.02020	0.01284	0.56739	0.05281	0.05948	0.01895	0.02132	0.01428	0.00916	0.00714	0.00220	0.00744	0.04314	0.03227	0.01148
47	0.05168	0.14475	0.08159	0.04042	0.02070	0.05613	0.01276	0.11329	0.04334	0.26308	0.04118	0.01941	0.01487	0.00789	0.00645	0.00200	0.00729	0.00605	0.00605	0.06107
48	0.01131	0.00865	0.01210	0.01251	0.05101	0.00945	0.00870	0.01337	0.01178	0.01711	0.01881	0.03024	0.01847	0.20705	0.41397	0.00841	0.04788	0.00787	0.03300	0.05832
49	0.02164	0.04104	0.16100	0.09254	0.02572	0.07279	0.04028	0.14931	0.08511	0.16195	0.01798	0.01863	0.01275	0.00772	0.00687	0.00212	0.00838	0.00619	0.00550	0.06249

[dist]
# distance from previous block
# <min> <max>
2	6

[block]
# block no. 3 follows, 29 sequences, length 73
# corresponding to MSA columns:
# 248-320
name=unknown_D
#
# <colnr> <probs for GDERKNQSTAVLIFYWHMCP>
#	G	D	E	R	K	N	Q	S	T	A	V	L	I	F	Y	W	H	M	C	P
0	0.24117	0.04515	0.01433	0.01228	0.01584	0.15702	0.00950	0.02280	0.06292	0.11556	0.02091	0.18767	0.01976	0.01090	0.00652	0.00224	0.00684	0.00862	0.00550	0.03446
1	0.02383	0.01435	0.01970	0.01865	0.12486	0.01411	0.05381	0.16301	0.05311	0.29043	0.02568	0.02643	0.06777	0.06003	0.00932	0.00254	0.00702	0.00782	0.00677	0.01079
2	0.01472	0.01537	0.04612	0.08230	0.15279	0.10212	0.01347	0.01771	0.01620	0.02123	0.17256	0.03247	0.10285	0.06250	0.01179	0.00265	0.11158	0.00878	0.00480	0.00797
3	0.01438	0.03611	0.68554	0.02069	0.03108	0.01660	0.05291	0.02256	0.01511	0.02256	0.01284	0.01520	0.00909	0.00673	0.00683	0.00226	0.01058	0.00539	0.00303	0.01049
4	0.01771	0.01530	0.01610	0.01449	0.01852	0.01771	0.01127	0.03784	0.69247	0.02979	0.02898	0.02657	0.02174	0.00966	0.00725	0.00242	0.00564	0.00805	0.00725	0.01127
5	0.01929	0.01608	0.01699	0.01481	0.01912	0.01845	0.01165	0.14620	0.58154	0.03233	0.02698	0.02497	0.02012	0.00947	0.00722	0.00237	0.00601	0.00777	0.00722	0.01141
6	0.67133	0.01349	0.01148	0.00992	0.01451	0.01505	0.00817	0.02324	0.01350	0.14562	0.01296	0.01369	0.00937	0.00698	0.00487	0.00220	0.00560	0.00441	0.00515	0.00845
7	0.01958	0.11126	0.33096	0.01764	0.04634	0.04910	0.04039	0.02481	0.01672	0.19095	0.03837	0.05160	0.01481	0.00813	0.00681	0.00217	0.00866	0.00658	0.00482	0.01031
8	0.02109	0.29488	0.16956	0.01613	0.02301	0.02010	0.08297	0.06693	0.04515	0.17112	0.01613	0.01671	0.01183	0.00711	0.00624	0.00199	0.00825	0.00564	0.00477	0.01039
9	0.00856	0.00690	0.00763	0.00812	0.00988	0.00597	0.00584	0.01026	0.01559	0.01929	0.08795	0.27757	0.47310	0.01921	0.00862	0.00255	0.00376	0.01656	0.00666	0.00597
10	0.01327	0.00664	0.00664	0.00664	0.00830	0.00664	0.00498	0.01659	0.01493	0.02655	0.02323	0.02655	0.01825	0.00830	0.00498	0.00166	0.00332	0.00664	0.78928	0.00664
11	0.01981	0.08236	0.23227	0.08966	0.08219	0.04960	0.03961	0.02606	0.07288	0.17904	0.01780	0.01889	0.01271	0.00748	0.00674	0.00216	0.00846	0.00613	0.03582	0.01035
12	0.02000	0.01480	0.02116	0.22887	0.10091	0.04102	0.05388	0.08255	0.07042	0.17155	0.01868	0.02241	0.01405	0.01020	0.03631	0.00270	0.04694	0.02847	0.00527	0.00980
13	0.00976	0.00673	0.00863	0.00950	0.01058	0.00614	0.00661	0.01146	0.01523	0.04717	0.14143	0.51880	0.14142	0.02003	0.00882	0.00270	0.00402	0.01790	0.00688	0.00620
14	0.55012	0.07251	0.06549	0.03329	0.01742	0.08409	0.01071	0.02153	0.01328	0.02763	0.01028	0.01234	0.00818	0.00695	0.00577	0.00217	0.04189	0.00421	0.00403	0.00808
15	0.01115	0.00723	0.00977	0.03871	0.01283	0.00692	0.00787	0.01320	0.01525	0.06768	0.11361	0.47974	0.04393	0.01895	0.00869	0.00273	0.00462	0.08798	0.04262	0.00654
16	0.02139	0.37350	0.10071	0.01454	0.02073	0.10082	0.01386	0.16290	0.01946	0.05240	0.01275	0.01387	0.01019	0.00689	0.00569	0.00177	0.00836	0.00476	0.00428	0.05113
17	0.01837	0.01300	0.01659	0.01445	0.08964	0.01046	0.01024	0.02157	0.01600	0.15545	0.01571	0.01689	0.01199	0.00607	0.00582	0.00139	0.00576	0.00501	0.00503	0.56055
18	0.01634	0.16102	0.40282	0.01954	0.05195	0.01812	0.08811	0.02290	0.03342	0.04892	0.01347	0.01555	0.01009	0.00661	0.00647	0.00205	0.00940	0.00544	0.00352	0.06426
19	0.01907	0.10777	0.09501	0.13865	0.08031	0.13499	0.01591	0.02640	0.16542	0.06829	0.01654	0.01832	0.01274	0.00800	0.00788	0.00220	0.06222	0.00606	0.00453	0.00968
20	0.02211	0.01331	0.01582	0.01342	0.01759	0.01407	0.01068	0.03332	0.34656	0.28111	0.09675	0.02798	0.02436	0.00996	0.00800	0.00235	0.03576	0.00814	0.00772	0.01097
21	0.01141	0.00775	0.00968	0.01011	0.01189	0.00723	0.00775	0.01409	0.03539	0.06971	0.11921	0.24164	0.20517	0.05332	0.01013	0.00292	0.00479	0.16434	0.00680	0.00666
22	0.00972	0.00662	0.00859	0.00969	0.01060	0.00607	0.00666	0.01123	0.01466	0.04766	0.09182	0.59573	0.11289	0.02074	0.00889	0.00277	0.00410	0.01863	0.00679	0.00614
23	0.01018	0.00758	0.01119	0.01119	0.01238	0.00876	0.00859	0.01255	0.01137	0.01634	0.01930	0.02925	0.01836	0.10126	0.67443	0.01113	0.01824	0.00782	0.00385	0.00622
24	0.00868	0.00620	0.00826	0.00991	0.01033	0.00578	0.00661	0.00991	0.01363	0.01818	0.03925	0.74510	0.04710	0.02231	0.00909	0.00289	0.00413	0.02024	0.00661	0.00578
25	0.01250	0.00783	0.01021	0.00930	0.01145	0.00711	0.00709	0.01572	0.01999	0.10619	0.59427	0.05061	0.09196	0.01407	0.00826	0.00224	0.00368	0.01233	0.00789	0.00730
26	0.01088	0.00837	0.01008	0.00946	0.01157	0.00813	0.00715	0.01632	0.11214	0.02735	0.51613	0.05179	0.15463	0.01440	0.00824	0.00229	0.00371	0.01253	0.00758	0.00724
27	0.01946	0.01490	0.01615	0.01427	0.01847	0.01682	0.01117	0.03745	0.60973	0.11356	0.02887	0.02628	0.02123	0.00956	0.00724	0.00239	0.00569	0.00794	0.00744	0.01138
28	0.01806	0.07873	0.47481	0.01880	0.02753	0.01690	0.05190	0.05573	0.01664	0.12769	0.01508	0.01650	0.01058	0.00727	0.00732	0.00223	0.03381	0.00568	0.00412	0.01062
29	0.24288	0.01144	0.01232	0.01124	0.01472	0.01186	0.00878	0.04209	0.09785	0.16412	0.02549	0.21841	0.02392	0.01230	0.00695	0.00242	0.00537	0.04056	0.00641	0.04085
30	0.01034	0.00695	0.00802	0.00802	0.00811	0.00704	0.00463	0.01052	0.01043	0.01399	0.02220	0.04531	0.02533	0.70174	0.08350	0.00722	0.00774	0.01017	0.00428	0.00446
31	0.01683	0.01587	0.02688	0.14304	0.58063	0.01634	0.02086	0.02110	0.01587	0.02266	0.01369	0.01819	0.01130	0.00654	0.00697	0.00213	0.00840	0.00635	0.03575	0.01060
32	0.01428	0.03683	0.71286	0.02030	0.03082	0.01654	0.02631	0.02255	0.01503	0.02255	0.01278	0.01503	0.00902	0.00677	0.00677	0.00226	0.01052	0.00526	0.00301	0.01052
33	0.02676	0.01157	0.01531	0.01248	0.01711	0.01054	0.01016	0.03117	0.08393	0.52460	0.07633	0.06395	0.02425	0.01057	0.00750	0.00232	0.00577	0.04629	0.00836	0.01103
34	0.00989	0.00722	0.00930	0.00889	0.01055	0.00662	0.00663	0.01304	0.01955	0.02740	0.62530	0.09054	0.10800	0.01519	0.00844	0.00228	0.00342	0.01341	0.00769	0.00662
35	0.01065	0.00745	0.01058	0.01058	0.01186	0.00848	0.00814	0.01322	0.01194	0.01796	0.01983	0.02842	0.01816	0.07140	0.58748	0.00979	0.01623	0.00757	0.12392	0.00633
36	0.01018	0.00756	0.00956	0.01052	0.01201	0.00718	0.00818	0.03187	0.01608	0.02083	0.08205	0.31466	0.18967	0.01965	0.00909	0.00285	0.00489	0.23017	0.00668	0.00633
37	0.05905	0.01201	0.01082	0.00968	0.01247	0.08689	0.00752	0.10214	0.01804	0.07527	0.02077	0.02294	0.01590	0.00817	0.00552	0.00180	0.00522	0.00628	0.51157	0.00793
38	0.02660	0.03394	0.02018	0.01834	0.02201	0.72116	0.01376	0.02843	0.02018	0.01743	0.01101	0.01284	0.00917	0.00734	0.00642	0.00183	0.01284	0.00459	0.00367	0.00825
39	0.02181	0.01529	0.01693	0.01431	0.01884	0.01680	0.01138	0.15647	0.42165	0.15796	0.05065	0.02532	0.02081	0.00947	0.00725	0.00232	0.00604	0.00775	0.00753	0.01142
40	0.01034	0.00696	0.00807	0.00807	0.00818	0.00707	0.00470	0.01055	0.01045	0.01403	0.02215	0.04504	0.02521	0.69142	0.09364	0.00728	0.00792	0.01013	0.00427	0.00449
41	0.00867	0.00623	0.00822	0.00982	0.01030	0.00579	0.00657	0.00993	0.01373	0.01822	0.04044	0.72049	0.07094	0.02215	0.00906	0.00287	0.00411	0.02005	0.00661	0.00579
42	0.01514	0.01494	0.02098	0.01811	0.01821	0.02077	0.01504	0.01678	0.01095	0.01709	0.01013	0.01657	0.01003	0.01575	0.07945	0.00378	0.67907	0.00634	0.00317	0.00767
43	0.01037	0.00769	0.01056	0.01085	0.01194	0.00847	0.00803	0.01326	0.04766	0.01732	0.02455	0.16423	0.02551	0.14666	0.42344	0.00840	0.01333	0.03682	0.00469	0.00622
44	0.76421	0.01391	0.01131	0.01094	0.04545	0.01602	0.00836	0.02097	0.01231	0.03155	0.01007	0.01184	0.00788	0.00660	0.00453	0.00220	0.00564	0.00397	0.00437	0.00788
45	0.74567	0.01339	0.01054	0.00962	0.01384	0.01544	0.00797	0.02051	0.01241	0.03121	0.01183	0.01631	0.01001	0.00751	0.00478	0.00228	0.00558	0.04892	0.00455	0.00763
46	0.02016	0.01116	0.01370	0.01181	0.01555	0.01079	0.00948	0.08134	0.10643	0.27056	0.14575	0.06568	0.12289	0.01259	0.00786	0.00238	0.00535	0.06929	0.00772	0.00954
47	0.13261	0.27567	0.22374	0.01485	0.02182	0.02114	0.01571	0.12509	0.03988	0.05014	0.01313	0.01432	0.01008	0.00696	0.00575	0.00198	0.00806	0.00490	0.00421	0.00997
48	0.01758	0.01672	0.06174	0.05371	0.14966	0.04933	0.01408	0.07540	0.26950	0.04803	0.09489	0.02628	0.04572	0.00918	0.00722	0.00222	0.00685	0.00778	0.00588	0.03822
49	0.01058	0.00742	0.00950	0.00890	0.01077	0.00676	0.00670	0.01376	0.01977	0.04836	0.61817	0.05384	0.12918	0.01473	0.00836	0.00225	0.00347	0.01292	0.00775	0.00681
50	0.01806	0.05083	0.01943	0.04990	0.02098	0.04532	0.05773	0.11936	0.35603	0.02808	0.04349	0.06134	0.02007	0.01158	0.03719	0.00272	0.03348	0.00813	0.00614	0.01014
51	0.00902	0.00730	0.00805	0.00803	0.01021	0.00633	0.00613	0.01128	0.01716	0.02156	0.21704	0.06575	0.50820	0.01733	0.00851	0.00243	0.00375	0.05882	0.00690	0.00621
52	0.38041	0.07894	0.01695	0.01353	0.01770	0.29545	0.01078	0.02438	0.01579	0.05223	0.01107	0.01269	0.00885	0.00711	0.00587	0.00203	0.02951	0.00434	0.00415	0.00822
53	0.35155	0.09988	0.08591	0.04749	0.01976	0.07475	0.01222	0.09326	0.01631	0.07476	0.01249	0.01404	0.00949	0.00718	0.00613	0.00211	0.03344	0.00476	0.00454	0.02993
54	0.10274	0.12340	0.07856	0.01529	0.02008	0.01710	0.07146	0.06290	0.04867	0.19371	0.04153	0.01923	0.01429	0.00926	0.00990	0.03848	0.11219	0.00631	0.00529	0.00960
55	0.01861	0.24455	0.28037	0.01766	0.07015	0.01960	0.01764	0.07673	0.04921	0.08645	0.01490	0.01700	0.01156	0.03753	0.00743	0.00221	0.00850	0.00551	0.00418	0.01022
56	0.01827	0.00942	0.01236	0.01057	0.01374	0.00863	0.00829	0.02229	0.05555	0.27136	0.42643	0.04148	0.04715	0.01225	0.00790	0.00224	0.00444	0.01059	0.00815	0.00888
57	0.01371	0.01153	0.01497	0.16028	0.02137	0.01325	0.01154	0.06390	0.12264	0.02279	0.11203	0.05682	0.13197	0.05154	0.01216	0.03539	0.10201	0.02885	0.00546	0.00777
58	0.01418	0.01340	0.02268	0.61217	0.16380	0.01601	0.02014	0.01883	0.01458	0.01908	0.01279	0.01875	0.00980	0.00698	0.00711	0.00233	0.00931	0.00633	0.00323	0.00850
59	0.00900	0.00730	0.00803	0.00804	0.01023	0.00633	0.00615	0.01125	0.01709	0.02140	0.20478	0.06613	0.51581	0.01741	0.00852	0.00244	0.00378	0.06325	0.00687	0.00620
60	0.01477	0.01266	0.01477	0.01055	0.01687	0.00949	0.00844	0.01793	0.01477	0.02320	0.01266	0.01477	0.01055	0.00527	0.00527	0.00105	0.00527	0.00422	0.00422	0.79328
61	0.00881	0.00668	0.00816	0.00913	0.01032	0.00603	0.00646	0.01046	0.01501	0.01933	0.09273	0.45313	0.25791	0.02032	0.00886	0.00271	0.00402	0.04728	0.00669	0.00595
62	0.01020	0.00754	0.01099	0.01099	0.01210	0.00865	0.00833	0.01242	0.01131	0.01619	0.01949	0.03029	0.01881	0.14003	0.63629	0.01088	0.01756	0.00797	0.00388	0.00610
63	0.01445	0.01232	0.01442	0.01051	0.01653	0.00930	0.00834	0.01751	0.01471	0.02294	0.01405	0.05313	0.01247	0.00617	0.00547	0.00115	0.00521	0.00506	0.00434	0.75192
64	0.00905	0.00677	0.00841	0.00899	0.01026	0.00613	0.00637	0.01108	0.01626	0.02165	0.25312	0.37359	0.20447	0.01891	0.00872	0.00258	0.00377	0.01675	0.00699	0.00613
65	0.01652	0.01835	0.03722	0.02733	0.03282	0.01891	0.52194	0.02146	0.01541	0.02146	0.01321	0.01835	0.01046	0.00754	0.01195	0.00257	0.18397	0.00789	0.00349	0.00917
66	0.00971	0.00699	0.00941	0.01088	0.01187	0.00668	0.00827	0.01179	0.01502	0.01982	0.07179	0.45118	0.07260	0.02084	0.00929	0.00298	0.00492	0.24320	0.00665	0.00611
67	0.01104	0.00773	0.00951	0.00920	0.01001	0.00804	0.00617	0.04212	0.01314	0.01808	0.12305	0.04186	0.02954	0.44243	0.19148	0.00705	0.00927	0.00991	0.00485	0.00551
68	0.01158	0.00842	0.01134	0.01271	0.01433	0.00854	0.01076	0.01562	0.05903	0.02129	0.03673	0.13649	0.03976	0.04580	0.01056	0.00332	0.00629	0.53420	0.00652	0.00671
69	0.01435	0.01221	0.01432	0.01050	0.01642	0.00924	0.00831	0.01738	0.01469	0.02286	0.01449	0.06513	0.01307	0.00645	0.00554	0.00118	0.00519	0.00532	0.00438	0.73898
70	0.01904	0.75404	0.03731	0.01218	0.01828	0.02818	0.01218	0.02132	0.01447	0.01675	0.00990	0.01142	0.00914	0.00609	0.00457	0.00152	0.00761	0.00381	0.00305	0.00914
71	0.01050	0.00772	0.00970	0.00924	0.01015	0.00794	0.00646	0.01230	0.01494	0.02080	0.31677	0.04705	0.06988	0.30782	0.06491	0.00473	0.05632	0.01118	0.00582	0.00579
72	0.02425	0.02742	0.01970	0.01717	0.02113	0.48988	0.04755	0.08611	0.04315	0.04956	0.01775	0.01888	0.05846	0.00829	0.00673	0.00196	0.01080	0.00598	0.03650	0.00871

[dist]
# distance from previous block
# <min> <max>
0	1

[block]
# block no. 4 follows, 29 sequences, length 73
# corresponding to MSA columns:
# 322-394
name=unknown_E
#
# <colnr> <probs for GDERKNQSTAVLIFYWHMCP>
#	G	D	E	R	K	N	Q	S	T	A	V	L	I	F	Y	W	H	M	C	P
0	0.01389	0.01311	0.02216	0.65978	0.11845	0.01594	0.02000	0.01858	0.01445	0.01873	0.01273	0.01884	0.00968	0.00704	0.00711	0.00235	0.00938	0.00633	0.00320	0.00827
1	0.00993	0.00707	0.00884	0.00899	0.01054	0.00639	0.00651	0.01229	0.01731	0.04334	0.34302	0.26850	0.19586	0.01752	0.00858	0.00247	0.00373	0.01544	0.00723	0.00644
2	0.01951	0.01364	0.01389	0.01187	0.01547	0.07958	0.00932	0.16451	0.04563	0.15262	0.13184	0.06937	0.15242	0.01182	0.00741	0.00219	0.00590	0.00968	0.07433	0.00900
3	0.03844	0.01578	0.02060	0.07795	0.02362	0.06610	0.10691	0.06990	0.14463	0.19641	0.02132	0.04424	0.01623	0.00884	0.00784	0.00225	0.03555	0.02599	0.00600	0.07140
4	0.01736	0.28467	0.34381	0.01668	0.02438	0.08130	0.01871	0.02424	0.08692	0.02085	0.01333	0.01480	0.01042	0.00689	0.00602	0.00198	0.00919	0.00499	0.00353	0.00992
5	0.01477	0.01266	0.01477	0.01055	0.01687	0.00949	0.00844	0.01793	0.01477	0.02320	0.01266	0.01477	0.01055	0.00527	0.00527	0.00105	0.00527	0.00422	0.00422	0.79328
6	0.01036	0.00690	0.00777	0.00777	0.00777	0.00690	0.00431	0.01036	0.01036	0.01381	0.02244	0.04660	0.02589	0.74975	0.03624	0.00690	0.00690	0.01036	0.00431	0.00431
7	0.02472	0.09171	0.02168	0.01817	0.04746	0.48473	0.01365	0.09915	0.09207	0.02187	0.01356	0.01481	0.01090	0.00757	0.00645	0.00191	0.01092	0.00515	0.00436	0.00918
8	0.02202	0.01607	0.06928	0.06469	0.06444	0.01472	0.03791	0.11886	0.15120	0.22369	0.02137	0.02117	0.01512	0.00803	0.00690	0.00211	0.00696	0.00670	0.03492	0.09382
9	0.02115	0.02411	0.02302	0.12143	0.24566	0.34297	0.01712	0.02498	0.04880	0.01997	0.01277	0.01593	0.01048	0.00728	0.00735	0.00207	0.03630	0.00560	0.00370	0.00931
10	0.01702	0.01636	0.02274	0.01838	0.02113	0.04001	0.10889	0.07744	0.08645	0.02222	0.01370	0.01835	0.01183	0.03689	0.01613	0.00273	0.36539	0.00663	0.00415	0.09356
11	0.01345	0.01266	0.02136	0.73264	0.04904	0.01582	0.01978	0.01819	0.01424	0.01819	0.01266	0.01898	0.00949	0.00712	0.00712	0.00237	0.00949	0.00633	0.00316	0.00791
12	0.02634	0.01767	0.01863	0.01491	0.01983	0.07746	0.01203	0.38741	0.02686	0.21147	0.02175	0.09556	0.01698	0.00997	0.00728	0.00221	0.00742	0.00791	0.00721	0.01111
13	0.00848	0.00696	0.00748	0.00789	0.00980	0.00595	0.00571	0.01014	0.01558	0.01897	0.06388	0.23827	0.53803	0.01911	0.00858	0.00253	0.00374	0.01634	0.00661	0.00595
14	0.60626	0.01367	0.01088	0.00969	0.01384	0.04033	0.00786	0.04028	0.01390	0.05540	0.01793	0.01885	0.08214	0.00805	0.00511	0.00219	0.00558	0.00537	0.03487	0.00781
15	0.01581	0.26776	0.49534	0.01768	0.02678	0.02028	0.02176	0.02215	0.01485	0.02068	0.01185	0.01387	0.00906	0.00655	0.00606	0.00202	0.00959	0.00479	0.00302	0.01008
16	0.29096	0.06152	0.13821	0.01596	0.02140	0.28092	0.05303	0.02415	0.01603	0.02361	0.01108	0.01309	0.00874	0.00685	0.00581	0.00205	0.00960	0.00464	0.00378	0.00858
17	0.01361	0.00764	0.00915	0.00863	0.00978	0.00731	0.00565	0.01472	0.01343	0.11779	0.09614	0.08354	0.02965	0.45781	0.02479	0.00504	0.00593	0.01042	0.07296	0.00599
18	0.01666	0.03311	0.17618	0.01340	0.01814	0.09408	0.01282	0.02152	0.05166	0.12338	0.22074	0.05780	0.08074	0.01095	0.00737	0.00220	0.00677	0.00908	0.03463	0.00875
19	0.01019	0.00758	0.01119	0.01150	0.01275	0.00858	0.00900	0.01271	0.01215	0.01718	0.02270	0.09085	0.02264	0.04728	0.58778	0.00988	0.01653	0.07885	0.00433	0.00633
20	0.01537	0.01285	0.01480	0.01081	0.01684	0.01025	0.00864	0.04871	0.04040	0.02455	0.01386	0.01575	0.01132	0.00570	0.00542	0.00118	0.00533	0.00455	0.03448	0.69918
21	0.01508	0.01530	0.05026	0.17126	0.23409	0.01519	0.13664	0.02128	0.09531	0.02208	0.01939	0.13574	0.01772	0.00941	0.00765	0.00238	0.00836	0.00910	0.00438	0.00938
22	0.01799	0.01256	0.01510	0.01095	0.01712	0.00968	0.00882	0.02108	0.01582	0.15227	0.01556	0.01654	0.01188	0.00594	0.00563	0.00127	0.00542	0.00477	0.00508	0.64654
23	0.01013	0.00681	0.00783	0.00805	0.00810	0.00676	0.00462	0.01030	0.01079	0.01438	0.02466	0.13887	0.02869	0.65365	0.03266	0.00637	0.00654	0.01166	0.00462	0.00451
24	0.01029	0.00714	0.00898	0.00898	0.00941	0.00756	0.00583	0.01114	0.01072	0.01471	0.02132	0.04043	0.02321	0.51912	0.26322	0.00841	0.01093	0.00945	0.00415	0.00499
25	0.02660	0.03394	0.02018	0.01834	0.02201	0.72116	0.01376	0.02843	0.02018	0.01743	0.01101	0.01284	0.00917	0.00734	0.00642	0.00183	0.01284	0.00459	0.00367	0.00825
26	0.07909	0.15132	0.04864	0.17344	0.08508	0.01878	0.03060	0.13717	0.07116	0.08626	0.01569	0.01784	0.01189	0.00907	0.03260	0.00246	0.00831	0.00596	0.00480	0.00985
27	0.13222	0.11011	0.02112	0.04395	0.09437	0.04905	0.02872	0.12718	0.01879	0.15632	0.01558	0.01653	0.01153	0.00705	0.00610	0.00190	0.00718	0.00545	0.00526	0.14159
28	0.00866	0.00624	0.00821	0.00979	0.01030	0.00579	0.00655	0.00993	0.01375	0.01823	0.04076	0.71389	0.07733	0.02211	0.00906	0.00287	0.00411	0.02000	0.00661	0.00579
29	0.01792	0.01293	0.01202	0.01101	0.01330	0.12887	0.00864	0.02073	0.01614	0.10679	0.02119	0.02613	0.01711	0.00934	0.00773	0.00201	0.08301	0.04652	0.43091	0.00769
30	0.05375	0.01514	0.04299	0.51370	0.04148	0.04870	0.07156	0.02046	0.03950	0.03967	0.01351	0.01854	0.01016	0.00733	0.00763	0.00236	0.03521	0.00635	0.00359	0.00837
31	0.00880	0.00629	0.00837	0.00983	0.01035	0.00586	0.00662	0.01022	0.01419	0.01907	0.09619	0.68562	0.04882	0.02164	0.00903	0.00284	0.00406	0.01961	0.00672	0.00586
32	0.00865	0.00631	0.00815	0.00962	0.01025	0.00581	0.00648	0.00995	0.01392	0.01829	0.04287	0.67052	0.11934	0.02184	0.00901	0.00284	0.00407	0.01967	0.00661	0.00581
33	0.01316	0.01165	0.01565	0.01397	0.01408	0.01512	0.01078	0.01421	0.01074	0.01583	0.01509	0.02830	0.01628	0.29377	0.08630	0.00524	0.40194	0.00790	0.00363	0.00636
34	0.49423	0.15604	0.11678	0.01271	0.01847	0.01846	0.05268	0.02135	0.01326	0.02721	0.01059	0.01250	0.00835	0.00650	0.00502	0.00210	0.00701	0.00433	0.00390	0.00849
35	0.01913	0.00949	0.01302	0.01145	0.01447	0.00953	0.00913	0.03734	0.01574	0.27930	0.02291	0.02614	0.01765	0.03022	0.35088	0.00659	0.01204	0.00731	0.09896	0.00869
36	0.01036	0.00741	0.00922	0.00869	0.01064	0.00667	0.00654	0.01336	0.01931	0.04651	0.54490	0.05568	0.20394	0.01515	0.00837	0.00227	0.00349	0.01318	0.00760	0.00672
37	0.00899	0.00663	0.00827	0.00910	0.01009	0.00607	0.00626	0.01065	0.01512	0.02002	0.16667	0.44744	0.17226	0.06502	0.01051	0.00293	0.00406	0.01730	0.00670	0.00591
38	0.53449	0.01495	0.01363	0.01133	0.01616	0.01667	0.00934	0.16987	0.01788	0.11718	0.01372	0.01434	0.00990	0.00731	0.00535	0.00219	0.00609	0.00483	0.00555	0.00923
39	0.01644	0.01529	0.01553	0.01194	0.01766	0.08594	0.00941	0.02192	0.11331	0.02354	0.01484	0.01627	0.01202	0.00613	0.00568	0.00133	0.00613	0.00481	0.00460	0.59721
40	0.02226	0.03941	0.01753	0.01350	0.01793	0.01182	0.06727	0.05114	0.08523	0.33848	0.13755	0.06280	0.05861	0.01086	0.00761	0.00230	0.00604	0.03209	0.00750	0.01009
41	0.12645	0.01232	0.01578	0.01226	0.01764	0.01114	0.01013	0.03301	0.01936	0.62681	0.02586	0.02268	0.01641	0.00854	0.00682	0.00220	0.00599	0.00675	0.00827	0.01158
42	0.01094	0.00860	0.01255	0.01097	0.01321	0.00809	0.06472	0.01513	0.04441	0.02811	0.61795	0.04930	0.06068	0.01364	0.00836	0.00226	0.00419	0.01232	0.00745	0.00713
43	0.11366	0.01437	0.01716	0.01330	0.01874	0.01414	0.01098	0.20488	0.02296	0.46039	0.02321	0.02097	0.01509	0.00850	0.00685	0.00219	0.00647	0.00660	0.00789	0.01164
44	0.00931	0.00697	0.00872	0.00996	0.01085	0.00668	0.00682	0.01198	0.06332	0.01913	0.04198	0.62125	0.11456	0.02094	0.00888	0.00281	0.00419	0.01880	0.00666	0.00621
